9.180000e-01, -1.431407e-02
9.180010e-01, -1.429308e-02
9.180020e-01, -1.427210e-02
9.180030e-01, -1.425112e-02
9.180040e-01, -1.423015e-02
9.180050e-01, -1.420917e-02
9.180060e-01, -1.418819e-02
9.180070e-01, -1.416722e-02
9.180080e-01, -1.414625e-02
9.180090e-01, -1.412528e-02
9.180100e-01, -1.410431e-02
9.180110e-01, -1.408334e-02
9.180120e-01, -1.406238e-02
9.180130e-01, -1.404141e-02
9.180140e-01, -1.402045e-02
9.180150e-01, -1.399949e-02
9.180160e-01, -1.397853e-02
9.180170e-01, -1.395757e-02
9.180180e-01, -1.393661e-02
9.180190e-01, -1.391566e-02
9.180200e-01, -1.389470e-02
9.180210e-01, -1.387375e-02
9.180220e-01, -1.385280e-02
9.180230e-01, -1.383185e-02
9.180240e-01, -1.381090e-02
9.180250e-01, -1.378996e-02
9.180260e-01, -1.376901e-02
9.180270e-01, -1.374807e-02
9.180280e-01, -1.372713e-02
9.180290e-01, -1.370619e-02
9.180300e-01, -1.368525e-02
9.180310e-01, -1.366431e-02
9.180320e-01, -1.364338e-02
9.180330e-01, -1.362244e-02
9.180340e-01, -1.360151e-02
9.180350e-01, -1.358058e-02
9.180360e-01, -1.355965e-02
9.180370e-01, -1.353872e-02
9.180380e-01, -1.351780e-02
9.180390e-01, -1.349687e-02
9.180400e-01, -1.347595e-02
9.180410e-01, -1.345502e-02
9.180420e-01, -1.343410e-02
9.180430e-01, -1.341319e-02
9.180440e-01, -1.339227e-02
9.180450e-01, -1.337135e-02
9.180460e-01, -1.335044e-02
9.180470e-01, -1.332952e-02
9.180480e-01, -1.330861e-02
9.180490e-01, -1.328770e-02
9.180500e-01, -1.326679e-02
9.180510e-01, -1.324589e-02
9.180520e-01, -1.322498e-02
9.180530e-01, -1.320408e-02
9.180540e-01, -1.318318e-02
9.180550e-01, -1.316228e-02
9.180560e-01, -1.314138e-02
9.180570e-01, -1.312048e-02
9.180580e-01, -1.309958e-02
9.180590e-01, -1.307869e-02
9.180600e-01, -1.305779e-02
9.180610e-01, -1.303690e-02
9.180620e-01, -1.301601e-02
9.180630e-01, -1.299512e-02
9.180640e-01, -1.297424e-02
9.180650e-01, -1.295335e-02
9.180660e-01, -1.293247e-02
9.180670e-01, -1.291158e-02
9.180680e-01, -1.289070e-02
9.180690e-01, -1.286982e-02
9.180700e-01, -1.284894e-02
9.180710e-01, -1.282807e-02
9.180720e-01, -1.280719e-02
9.180730e-01, -1.278632e-02
9.180740e-01, -1.276545e-02
9.180750e-01, -1.274458e-02
9.180760e-01, -1.272371e-02
9.180770e-01, -1.270284e-02
9.180780e-01, -1.268197e-02
9.180790e-01, -1.266111e-02
9.180800e-01, -1.264024e-02
9.180810e-01, -1.261938e-02
9.180820e-01, -1.259852e-02
9.180830e-01, -1.257766e-02
9.180840e-01, -1.255681e-02
9.180850e-01, -1.253595e-02
9.180860e-01, -1.251510e-02
9.180870e-01, -1.249424e-02
9.180880e-01, -1.247339e-02
9.180890e-01, -1.245254e-02
9.180900e-01, -1.243170e-02
9.180910e-01, -1.241085e-02
9.180920e-01, -1.239000e-02
9.180930e-01, -1.236916e-02
9.180940e-01, -1.234832e-02
9.180950e-01, -1.232748e-02
9.180960e-01, -1.230664e-02
9.180970e-01, -1.228580e-02
9.180980e-01, -1.226496e-02
9.180990e-01, -1.224413e-02
9.181000e-01, -1.222330e-02
9.181010e-01, -1.220247e-02
9.181020e-01, -1.218163e-02
9.181030e-01, -1.216081e-02
9.181040e-01, -1.213998e-02
9.181050e-01, -1.211915e-02
9.181060e-01, -1.209833e-02
9.181070e-01, -1.207751e-02
9.181080e-01, -1.205669e-02
9.181090e-01, -1.203587e-02
9.181100e-01, -1.201505e-02
9.181110e-01, -1.199423e-02
9.181120e-01, -1.197342e-02
9.181130e-01, -1.195260e-02
9.181140e-01, -1.193179e-02
9.181150e-01, -1.191098e-02
9.181160e-01, -1.189017e-02
9.181170e-01, -1.186936e-02
9.181180e-01, -1.184856e-02
9.181190e-01, -1.182775e-02
9.181200e-01, -1.180695e-02
9.181210e-01, -1.178615e-02
9.181220e-01, -1.176535e-02
9.181230e-01, -1.174455e-02
9.181240e-01, -1.172375e-02
9.181250e-01, -1.170296e-02
9.181260e-01, -1.168216e-02
9.181270e-01, -1.166137e-02
9.181280e-01, -1.164058e-02
9.181290e-01, -1.161979e-02
9.181300e-01, -1.159900e-02
9.181310e-01, -1.157821e-02
9.181320e-01, -1.155743e-02
9.181330e-01, -1.153665e-02
9.181340e-01, -1.151586e-02
9.181350e-01, -1.149508e-02
9.181360e-01, -1.147430e-02
9.181370e-01, -1.145353e-02
9.181380e-01, -1.143275e-02
9.181390e-01, -1.141198e-02
9.181400e-01, -1.139120e-02
9.181410e-01, -1.137043e-02
9.181420e-01, -1.134966e-02
9.181430e-01, -1.132889e-02
9.181440e-01, -1.130812e-02
9.181450e-01, -1.128736e-02
9.181460e-01, -1.126659e-02
9.181470e-01, -1.124583e-02
9.181480e-01, -1.122507e-02
9.181490e-01, -1.120431e-02
9.181500e-01, -1.118355e-02
9.181510e-01, -1.116280e-02
9.181520e-01, -1.114204e-02
9.181530e-01, -1.112129e-02
9.181540e-01, -1.110053e-02
9.181550e-01, -1.107978e-02
9.181560e-01, -1.105903e-02
9.181570e-01, -1.103829e-02
9.181580e-01, -1.101754e-02
9.181590e-01, -1.099680e-02
9.181600e-01, -1.097605e-02
9.181610e-01, -1.095531e-02
9.181620e-01, -1.093457e-02
9.181630e-01, -1.091383e-02
9.181640e-01, -1.089309e-02
9.181650e-01, -1.087236e-02
9.181660e-01, -1.085162e-02
9.181670e-01, -1.083089e-02
9.181680e-01, -1.081016e-02
9.181690e-01, -1.078943e-02
9.181700e-01, -1.076870e-02
9.181710e-01, -1.074797e-02
9.181720e-01, -1.072725e-02
9.181730e-01, -1.070653e-02
9.181740e-01, -1.068580e-02
9.181750e-01, -1.066508e-02
9.181760e-01, -1.064436e-02
9.181770e-01, -1.062364e-02
9.181780e-01, -1.060293e-02
9.181790e-01, -1.058221e-02
9.181800e-01, -1.056150e-02
9.181810e-01, -1.054079e-02
9.181820e-01, -1.052008e-02
9.181830e-01, -1.049937e-02
9.181840e-01, -1.047866e-02
9.181850e-01, -1.045795e-02
9.181860e-01, -1.043725e-02
9.181870e-01, -1.041655e-02
9.181880e-01, -1.039585e-02
9.181890e-01, -1.037515e-02
9.181900e-01, -1.035445e-02
9.181910e-01, -1.033375e-02
9.181920e-01, -1.031305e-02
9.181930e-01, -1.029236e-02
9.181940e-01, -1.027167e-02
9.181950e-01, -1.025098e-02
9.181960e-01, -1.023029e-02
9.181970e-01, -1.020960e-02
9.181980e-01, -1.018891e-02
9.181990e-01, -1.016823e-02
9.182000e-01, -1.014754e-02
9.182010e-01, -1.012686e-02
9.182020e-01, -1.010618e-02
9.182030e-01, -1.008550e-02
9.182040e-01, -1.006482e-02
9.182050e-01, -1.004415e-02
9.182060e-01, -1.002347e-02
9.182070e-01, -1.000280e-02
9.182080e-01, -9.982126e-03
9.182090e-01, -9.961456e-03
9.182100e-01, -9.940787e-03
9.182110e-01, -9.920119e-03
9.182120e-01, -9.899453e-03
9.182130e-01, -9.878789e-03
9.182140e-01, -9.858126e-03
9.182150e-01, -9.837465e-03
9.182160e-01, -9.816805e-03
9.182170e-01, -9.796146e-03
9.182180e-01, -9.775489e-03
9.182190e-01, -9.754833e-03
9.182200e-01, -9.734179e-03
9.182210e-01, -9.713527e-03
9.182220e-01, -9.692876e-03
9.182230e-01, -9.672226e-03
9.182240e-01, -9.651578e-03
9.182250e-01, -9.630931e-03
9.182260e-01, -9.610286e-03
9.182270e-01, -9.589642e-03
9.182280e-01, -9.569000e-03
9.182290e-01, -9.548360e-03
9.182300e-01, -9.527720e-03
9.182310e-01, -9.507083e-03
9.182320e-01, -9.486446e-03
9.182330e-01, -9.465811e-03
9.182340e-01, -9.445178e-03
9.182350e-01, -9.424546e-03
9.182360e-01, -9.403916e-03
9.182370e-01, -9.383287e-03
9.182380e-01, -9.362660e-03
9.182390e-01, -9.342034e-03
9.182400e-01, -9.321409e-03
9.182410e-01, -9.300786e-03
9.182420e-01, -9.280165e-03
9.182430e-01, -9.259545e-03
9.182440e-01, -9.238926e-03
9.182450e-01, -9.218309e-03
9.182460e-01, -9.197694e-03
9.182470e-01, -9.177080e-03
9.182480e-01, -9.156467e-03
9.182490e-01, -9.135856e-03
9.182500e-01, -9.115246e-03
9.182510e-01, -9.094638e-03
9.182520e-01, -9.074031e-03
9.182530e-01, -9.053426e-03
9.182540e-01, -9.032822e-03
9.182550e-01, -9.012220e-03
9.182560e-01, -8.991619e-03
9.182570e-01, -8.971020e-03
9.182580e-01, -8.950422e-03
9.182590e-01, -8.929826e-03
9.182600e-01, -8.909231e-03
9.182610e-01, -8.888637e-03
9.182620e-01, -8.868045e-03
9.182630e-01, -8.847455e-03
9.182640e-01, -8.826866e-03
9.182650e-01, -8.806279e-03
9.182660e-01, -8.785692e-03
9.182670e-01, -8.765108e-03
9.182680e-01, -8.744525e-03
9.182690e-01, -8.723943e-03
9.182700e-01, -8.703363e-03
9.182710e-01, -8.682784e-03
9.182720e-01, -8.662207e-03
9.182730e-01, -8.641632e-03
9.182740e-01, -8.621057e-03
9.182750e-01, -8.600485e-03
9.182760e-01, -8.579913e-03
9.182770e-01, -8.559343e-03
9.182780e-01, -8.538775e-03
9.182790e-01, -8.518208e-03
9.182800e-01, -8.497643e-03
9.182810e-01, -8.477079e-03
9.182820e-01, -8.456516e-03
9.182830e-01, -8.435955e-03
9.182840e-01, -8.415396e-03
9.182850e-01, -8.394838e-03
9.182860e-01, -8.374281e-03
9.182870e-01, -8.353726e-03
9.182880e-01, -8.333173e-03
9.182890e-01, -8.312620e-03
9.182900e-01, -8.292070e-03
9.182910e-01, -8.271521e-03
9.182920e-01, -8.250973e-03
9.182930e-01, -8.230427e-03
9.182940e-01, -8.209882e-03
9.182950e-01, -8.189338e-03
9.182960e-01, -8.168797e-03
9.182970e-01, -8.148256e-03
9.182980e-01, -8.127717e-03
9.182990e-01, -8.107180e-03
9.183000e-01, -8.086644e-03
9.183010e-01, -8.066109e-03
9.183020e-01, -8.045576e-03
9.183030e-01, -8.025045e-03
9.183040e-01, -8.004515e-03
9.183050e-01, -7.983986e-03
9.183060e-01, -7.963459e-03
9.183070e-01, -7.942933e-03
9.183080e-01, -7.922409e-03
9.183090e-01, -7.901886e-03
9.183100e-01, -7.881365e-03
9.183110e-01, -7.860845e-03
9.183120e-01, -7.840327e-03
9.183130e-01, -7.819810e-03
9.183140e-01, -7.799295e-03
9.183150e-01, -7.778781e-03
9.183160e-01, -7.758268e-03
9.183170e-01, -7.737757e-03
9.183180e-01, -7.717248e-03
9.183190e-01, -7.696739e-03
9.183200e-01, -7.676233e-03
9.183210e-01, -7.655728e-03
9.183220e-01, -7.635224e-03
9.183230e-01, -7.614722e-03
9.183240e-01, -7.594221e-03
9.183250e-01, -7.573722e-03
9.183260e-01, -7.553224e-03
9.183270e-01, -7.532728e-03
9.183280e-01, -7.512233e-03
9.183290e-01, -7.491739e-03
9.183300e-01, -7.471247e-03
9.183310e-01, -7.450757e-03
9.183320e-01, -7.430268e-03
9.183330e-01, -7.409780e-03
9.183340e-01, -7.389294e-03
9.183350e-01, -7.368810e-03
9.183360e-01, -7.348327e-03
9.183370e-01, -7.327845e-03
9.183380e-01, -7.307365e-03
9.183390e-01, -7.286886e-03
9.183400e-01, -7.266408e-03
9.183410e-01, -7.245933e-03
9.183420e-01, -7.225458e-03
9.183430e-01, -7.204985e-03
9.183440e-01, -7.184514e-03
9.183450e-01, -7.164044e-03
9.183460e-01, -7.143575e-03
9.183470e-01, -7.123108e-03
9.183480e-01, -7.102643e-03
9.183490e-01, -7.082179e-03
9.183500e-01, -7.061716e-03
9.183510e-01, -7.041255e-03
9.183520e-01, -7.020795e-03
9.183530e-01, -7.000337e-03
9.183540e-01, -6.979880e-03
9.183550e-01, -6.959424e-03
9.183560e-01, -6.938971e-03
9.183570e-01, -6.918518e-03
9.183580e-01, -6.898067e-03
9.183590e-01, -6.877618e-03
9.183600e-01, -6.857170e-03
9.183610e-01, -6.836723e-03
9.183620e-01, -6.816278e-03
9.183630e-01, -6.795834e-03
9.183640e-01, -6.775392e-03
9.183650e-01, -6.754951e-03
9.183660e-01, -6.734512e-03
9.183670e-01, -6.714074e-03
9.183680e-01, -6.693638e-03
9.183690e-01, -6.673203e-03
9.183700e-01, -6.652769e-03
9.183710e-01, -6.632337e-03
9.183720e-01, -6.611907e-03
9.183730e-01, -6.591477e-03
9.183740e-01, -6.571050e-03
9.183750e-01, -6.550624e-03
9.183760e-01, -6.530199e-03
9.183770e-01, -6.509776e-03
9.183780e-01, -6.489354e-03
9.183790e-01, -6.468934e-03
9.183800e-01, -6.448515e-03
9.183810e-01, -6.428097e-03
9.183820e-01, -6.407681e-03
9.183830e-01, -6.387267e-03
9.183840e-01, -6.366854e-03
9.183850e-01, -6.346442e-03
9.183860e-01, -6.326032e-03
9.183870e-01, -6.305623e-03
9.183880e-01, -6.285216e-03
9.183890e-01, -6.264810e-03
9.183900e-01, -6.244406e-03
9.183910e-01, -6.224003e-03
9.183920e-01, -6.203602e-03
9.183930e-01, -6.183202e-03
9.183940e-01, -6.162803e-03
9.183950e-01, -6.142406e-03
9.183960e-01, -6.122010e-03
9.183970e-01, -6.101616e-03
9.183980e-01, -6.081224e-03
9.183990e-01, -6.060832e-03
9.184000e-01, -6.040443e-03
9.184010e-01, -6.020054e-03
9.184020e-01, -5.999667e-03
9.184030e-01, -5.979282e-03
9.184040e-01, -5.958898e-03
9.184050e-01, -5.938516e-03
9.184060e-01, -5.918135e-03
9.184070e-01, -5.897755e-03
9.184080e-01, -5.877377e-03
9.184090e-01, -5.857000e-03
9.184100e-01, -5.836625e-03
9.184110e-01, -5.816251e-03
9.184120e-01, -5.795879e-03
9.184130e-01, -5.775508e-03
9.184140e-01, -5.755138e-03
9.184150e-01, -5.734770e-03
9.184160e-01, -5.714404e-03
9.184170e-01, -5.694039e-03
9.184180e-01, -5.673675e-03
9.184190e-01, -5.653313e-03
9.184200e-01, -5.632952e-03
9.184210e-01, -5.612593e-03
9.184220e-01, -5.592235e-03
9.184230e-01, -5.571879e-03
9.184240e-01, -5.551524e-03
9.184250e-01, -5.531171e-03
9.184260e-01, -5.510818e-03
9.184270e-01, -5.490468e-03
9.184280e-01, -5.470119e-03
9.184290e-01, -5.449771e-03
9.184300e-01, -5.429425e-03
9.184310e-01, -5.409080e-03
9.184320e-01, -5.388737e-03
9.184330e-01, -5.368395e-03
9.184340e-01, -5.348055e-03
9.184350e-01, -5.327716e-03
9.184360e-01, -5.307378e-03
9.184370e-01, -5.287042e-03
9.184380e-01, -5.266707e-03
9.184390e-01, -5.246374e-03
9.184400e-01, -5.226042e-03
9.184410e-01, -5.205712e-03
9.184420e-01, -5.185383e-03
9.184430e-01, -5.165056e-03
9.184440e-01, -5.144730e-03
9.184450e-01, -5.124406e-03
9.184460e-01, -5.104082e-03
9.184470e-01, -5.083761e-03
9.184480e-01, -5.063441e-03
9.184490e-01, -5.043122e-03
9.184500e-01, -5.022805e-03
9.184510e-01, -5.002489e-03
9.184520e-01, -4.982175e-03
9.184530e-01, -4.961862e-03
9.184540e-01, -4.941550e-03
9.184550e-01, -4.921240e-03
9.184560e-01, -4.900932e-03
9.184570e-01, -4.880624e-03
9.184580e-01, -4.860319e-03
9.184590e-01, -4.840015e-03
9.184600e-01, -4.819712e-03
9.184610e-01, -4.799410e-03
9.184620e-01, -4.779110e-03
9.184630e-01, -4.758812e-03
9.184640e-01, -4.738515e-03
9.184650e-01, -4.718219e-03
9.184660e-01, -4.697925e-03
9.184670e-01, -4.677633e-03
9.184680e-01, -4.657341e-03
9.184690e-01, -4.637052e-03
9.184700e-01, -4.616763e-03
9.184710e-01, -4.596476e-03
9.184720e-01, -4.576191e-03
9.184730e-01, -4.555907e-03
9.184740e-01, -4.535624e-03
9.184750e-01, -4.515343e-03
9.184760e-01, -4.495063e-03
9.184770e-01, -4.474785e-03
9.184780e-01, -4.454508e-03
9.184790e-01, -4.434233e-03
9.184800e-01, -4.413959e-03
9.184810e-01, -4.393686e-03
9.184820e-01, -4.373415e-03
9.184830e-01, -4.353146e-03
9.184840e-01, -4.332878e-03
9.184850e-01, -4.312611e-03
9.184860e-01, -4.292346e-03
9.184870e-01, -4.272082e-03
9.184880e-01, -4.251819e-03
9.184890e-01, -4.231558e-03
9.184900e-01, -4.211299e-03
9.184910e-01, -4.191041e-03
9.184920e-01, -4.170784e-03
9.184930e-01, -4.150529e-03
9.184940e-01, -4.130275e-03
9.184950e-01, -4.110023e-03
9.184960e-01, -4.089772e-03
9.184970e-01, -4.069523e-03
9.184980e-01, -4.049275e-03
9.184990e-01, -4.029028e-03
9.185000e-01, -4.008783e-03
9.185010e-01, -3.988539e-03
9.185020e-01, -3.968297e-03
9.185030e-01, -3.948056e-03
9.185040e-01, -3.927817e-03
9.185050e-01, -3.907579e-03
9.185060e-01, -3.887342e-03
9.185070e-01, -3.867107e-03
9.185080e-01, -3.846874e-03
9.185090e-01, -3.826641e-03
9.185100e-01, -3.806411e-03
9.185110e-01, -3.786181e-03
9.185120e-01, -3.765954e-03
9.185130e-01, -3.745727e-03
9.185140e-01, -3.725502e-03
9.185150e-01, -3.705279e-03
9.185160e-01, -3.685056e-03
9.185170e-01, -3.664836e-03
9.185180e-01, -3.644617e-03
9.185190e-01, -3.624399e-03
9.185200e-01, -3.604182e-03
9.185210e-01, -3.583967e-03
9.185220e-01, -3.563754e-03
9.185230e-01, -3.543542e-03
9.185240e-01, -3.523331e-03
9.185250e-01, -3.503122e-03
9.185260e-01, -3.482914e-03
9.185270e-01, -3.462708e-03
9.185280e-01, -3.442503e-03
9.185290e-01, -3.422300e-03
9.185300e-01, -3.402097e-03
9.185310e-01, -3.381897e-03
9.185320e-01, -3.361698e-03
9.185330e-01, -3.341500e-03
9.185340e-01, -3.321304e-03
9.185350e-01, -3.301109e-03
9.185360e-01, -3.280915e-03
9.185370e-01, -3.260723e-03
9.185380e-01, -3.240533e-03
9.185390e-01, -3.220344e-03
9.185400e-01, -3.200156e-03
9.185410e-01, -3.179970e-03
9.185420e-01, -3.159785e-03
9.185430e-01, -3.139602e-03
9.185440e-01, -3.119420e-03
9.185450e-01, -3.099239e-03
9.185460e-01, -3.079060e-03
9.185470e-01, -3.058882e-03
9.185480e-01, -3.038706e-03
9.185490e-01, -3.018531e-03
9.185500e-01, -2.998358e-03
9.185510e-01, -2.978186e-03
9.185520e-01, -2.958015e-03
9.185530e-01, -2.937846e-03
9.185540e-01, -2.917679e-03
9.185550e-01, -2.897512e-03
9.185560e-01, -2.877348e-03
9.185570e-01, -2.857184e-03
9.185580e-01, -2.837022e-03
9.185590e-01, -2.816862e-03
9.185600e-01, -2.796703e-03
9.185610e-01, -2.776545e-03
9.185620e-01, -2.756389e-03
9.185630e-01, -2.736234e-03
9.185640e-01, -2.716081e-03
9.185650e-01, -2.695929e-03
9.185660e-01, -2.675778e-03
9.185670e-01, -2.655629e-03
9.185680e-01, -2.635482e-03
9.185690e-01, -2.615336e-03
9.185700e-01, -2.595191e-03
9.185710e-01, -2.575047e-03
9.185720e-01, -2.554905e-03
9.185730e-01, -2.534765e-03
9.185740e-01, -2.514626e-03
9.185750e-01, -2.494488e-03
9.185760e-01, -2.474352e-03
9.185770e-01, -2.454217e-03
9.185780e-01, -2.434084e-03
9.185790e-01, -2.413952e-03
9.185800e-01, -2.393821e-03
9.185810e-01, -2.373692e-03
9.185820e-01, -2.353565e-03
9.185830e-01, -2.333439e-03
9.185840e-01, -2.313314e-03
9.185850e-01, -2.293190e-03
9.185860e-01, -2.273068e-03
9.185870e-01, -2.252948e-03
9.185880e-01, -2.232829e-03
9.185890e-01, -2.212711e-03
9.185900e-01, -2.192595e-03
9.185910e-01, -2.172480e-03
9.185920e-01, -2.152367e-03
9.185930e-01, -2.132255e-03
9.185940e-01, -2.112144e-03
9.185950e-01, -2.092035e-03
9.185960e-01, -2.071927e-03
9.185970e-01, -2.051821e-03
9.185980e-01, -2.031716e-03
9.185990e-01, -2.011613e-03
9.186000e-01, -1.991511e-03
9.186010e-01, -1.971410e-03
9.186020e-01, -1.951311e-03
9.186030e-01, -1.931213e-03
9.186040e-01, -1.911117e-03
9.186050e-01, -1.891022e-03
9.186060e-01, -1.870929e-03
9.186070e-01, -1.850837e-03
9.186080e-01, -1.830746e-03
9.186090e-01, -1.810657e-03
9.186100e-01, -1.790569e-03
9.186110e-01, -1.770483e-03
9.186120e-01, -1.750398e-03
9.186130e-01, -1.730314e-03
9.186140e-01, -1.710232e-03
9.186150e-01, -1.690151e-03
9.186160e-01, -1.670072e-03
9.186170e-01, -1.649994e-03
9.186180e-01, -1.629918e-03
9.186190e-01, -1.609843e-03
9.186200e-01, -1.589769e-03
9.186210e-01, -1.569697e-03
9.186220e-01, -1.549627e-03
9.186230e-01, -1.529557e-03
9.186240e-01, -1.509489e-03
9.186250e-01, -1.489423e-03
9.186260e-01, -1.469358e-03
9.186270e-01, -1.449294e-03
9.186280e-01, -1.429232e-03
9.186290e-01, -1.409171e-03
9.186300e-01, -1.389112e-03
9.186310e-01, -1.369054e-03
9.186320e-01, -1.348998e-03
9.186330e-01, -1.328942e-03
9.186340e-01, -1.308889e-03
9.186350e-01, -1.288837e-03
9.186360e-01, -1.268786e-03
9.186370e-01, -1.248736e-03
9.186380e-01, -1.228688e-03
9.186390e-01, -1.208642e-03
9.186400e-01, -1.188596e-03
9.186410e-01, -1.168553e-03
9.186420e-01, -1.148510e-03
9.186430e-01, -1.128469e-03
9.186440e-01, -1.108430e-03
9.186450e-01, -1.088392e-03
9.186460e-01, -1.068355e-03
9.186470e-01, -1.048320e-03
9.186480e-01, -1.028286e-03
9.186490e-01, -1.008254e-03
9.186500e-01, -9.882226e-04
9.186510e-01, -9.681931e-04
9.186520e-01, -9.481649e-04
9.186530e-01, -9.281381e-04
9.186540e-01, -9.081128e-04
9.186550e-01, -8.880889e-04
9.186560e-01, -8.680663e-04
9.186570e-01, -8.480452e-04
9.186580e-01, -8.280256e-04
9.186590e-01, -8.080073e-04
9.186600e-01, -7.879904e-04
9.186610e-01, -7.679750e-04
9.186620e-01, -7.479610e-04
9.186630e-01, -7.279484e-04
9.186640e-01, -7.079372e-04
9.186650e-01, -6.879274e-04
9.186660e-01, -6.679190e-04
9.186670e-01, -6.479121e-04
9.186680e-01, -6.279065e-04
9.186690e-01, -6.079024e-04
9.186700e-01, -5.878997e-04
9.186710e-01, -5.678984e-04
9.186720e-01, -5.478985e-04
9.186730e-01, -5.279001e-04
9.186740e-01, -5.079030e-04
9.186750e-01, -4.879073e-04
9.186760e-01, -4.679131e-04
9.186770e-01, -4.479203e-04
9.186780e-01, -4.279289e-04
9.186790e-01, -4.079389e-04
9.186800e-01, -3.879503e-04
9.186810e-01, -3.679631e-04
9.186820e-01, -3.479773e-04
9.186830e-01, -3.279930e-04
9.186840e-01, -3.080100e-04
9.186850e-01, -2.880285e-04
9.186860e-01, -2.680484e-04
9.186870e-01, -2.480697e-04
9.186880e-01, -2.280924e-04
9.186890e-01, -2.081165e-04
9.186900e-01, -1.881420e-04
9.186910e-01, -1.681690e-04
9.186920e-01, -1.481973e-04
9.186930e-01, -1.282270e-04
9.186940e-01, -1.082582e-04
9.186950e-01, -8.829078e-05
9.186960e-01, -6.832476e-05
9.186970e-01, -4.836015e-05
9.186980e-01, -2.839695e-05
9.186990e-01, -8.435156e-06
9.187000e-01, 1.152523e-05
9.187010e-01, 3.148420e-05
9.187020e-01, 5.144177e-05
9.187030e-01, 7.139793e-05
9.187040e-01, 9.135268e-05
9.187050e-01, 1.113060e-04
9.187060e-01, 1.312580e-04
9.187070e-01, 1.512085e-04
9.187080e-01, 1.711576e-04
9.187090e-01, 1.911053e-04
9.187100e-01, 2.110516e-04
9.187110e-01, 2.309965e-04
9.187120e-01, 2.509400e-04
9.187130e-01, 2.708821e-04
9.187140e-01, 2.908228e-04
9.187150e-01, 3.107620e-04
9.187160e-01, 3.306999e-04
9.187170e-01, 3.506363e-04
9.187180e-01, 3.705714e-04
9.187190e-01, 3.905050e-04
9.187200e-01, 4.104373e-04
9.187210e-01, 4.303681e-04
9.187220e-01, 4.502975e-04
9.187230e-01, 4.702256e-04
9.187240e-01, 4.901522e-04
9.187250e-01, 5.100774e-04
9.187260e-01, 5.300012e-04
9.187270e-01, 5.499236e-04
9.187280e-01, 5.698446e-04
9.187290e-01, 5.897642e-04
9.187300e-01, 6.096824e-04
9.187310e-01, 6.295992e-04
9.187320e-01, 6.495145e-04
9.187330e-01, 6.694285e-04
9.187340e-01, 6.893411e-04
9.187350e-01, 7.092523e-04
9.187360e-01, 7.291620e-04
9.187370e-01, 7.490704e-04
9.187380e-01, 7.689773e-04
9.187390e-01, 7.888829e-04
9.187400e-01, 8.087871e-04
9.187410e-01, 8.286898e-04
9.187420e-01, 8.485912e-04
9.187430e-01, 8.684911e-04
9.187440e-01, 8.883896e-04
9.187450e-01, 9.082868e-04
9.187460e-01, 9.281825e-04
9.187470e-01, 9.480769e-04
9.187480e-01, 9.679698e-04
9.187490e-01, 9.878613e-04
9.187500e-01, 1.007751e-03
9.187510e-01, 1.027640e-03
9.187520e-01, 1.047528e-03
9.187530e-01, 1.067413e-03
9.187540e-01, 1.087298e-03
9.187550e-01, 1.107181e-03
9.187560e-01, 1.127063e-03
9.187570e-01, 1.146943e-03
9.187580e-01, 1.166822e-03
9.187590e-01, 1.186700e-03
9.187600e-01, 1.206576e-03
9.187610e-01, 1.226450e-03
9.187620e-01, 1.246324e-03
9.187630e-01, 1.266196e-03
9.187640e-01, 1.286066e-03
9.187650e-01, 1.305935e-03
9.187660e-01, 1.325803e-03
9.187670e-01, 1.345669e-03
9.187680e-01, 1.365534e-03
9.187690e-01, 1.385398e-03
9.187700e-01, 1.405260e-03
9.187710e-01, 1.425121e-03
9.187720e-01, 1.444980e-03
9.187730e-01, 1.464838e-03
9.187740e-01, 1.484695e-03
9.187750e-01, 1.504550e-03
9.187760e-01, 1.524403e-03
9.187770e-01, 1.544256e-03
9.187780e-01, 1.564107e-03
9.187790e-01, 1.583956e-03
9.187800e-01, 1.603805e-03
9.187810e-01, 1.623651e-03
9.187820e-01, 1.643497e-03
9.187830e-01, 1.663341e-03
9.187840e-01, 1.683183e-03
9.187850e-01, 1.703024e-03
9.187860e-01, 1.722864e-03
9.187870e-01, 1.742703e-03
9.187880e-01, 1.762539e-03
9.187890e-01, 1.782375e-03
9.187900e-01, 1.802209e-03
9.187910e-01, 1.822042e-03
9.187920e-01, 1.841873e-03
9.187930e-01, 1.861704e-03
9.187940e-01, 1.881532e-03
9.187950e-01, 1.901359e-03
9.187960e-01, 1.921185e-03
9.187970e-01, 1.941010e-03
9.187980e-01, 1.960833e-03
9.187990e-01, 1.980654e-03
9.188000e-01, 2.000475e-03
9.188010e-01, 2.020293e-03
9.188020e-01, 2.040111e-03
9.188030e-01, 2.059927e-03
9.188040e-01, 2.079742e-03
9.188050e-01, 2.099555e-03
9.188060e-01, 2.119367e-03
9.188070e-01, 2.139177e-03
9.188080e-01, 2.158986e-03
9.188090e-01, 2.178794e-03
9.188100e-01, 2.198600e-03
9.188110e-01, 2.218405e-03
9.188120e-01, 2.238209e-03
9.188130e-01, 2.258011e-03
9.188140e-01, 2.277812e-03
9.188150e-01, 2.297611e-03
9.188160e-01, 2.317409e-03
9.188170e-01, 2.337206e-03
9.188180e-01, 2.357001e-03
9.188190e-01, 2.376795e-03
9.188200e-01, 2.396587e-03
9.188210e-01, 2.416378e-03
9.188220e-01, 2.436168e-03
9.188230e-01, 2.455956e-03
9.188240e-01, 2.475743e-03
9.188250e-01, 2.495528e-03
9.188260e-01, 2.515312e-03
9.188270e-01, 2.535095e-03
9.188280e-01, 2.554876e-03
9.188290e-01, 2.574656e-03
9.188300e-01, 2.594434e-03
9.188310e-01, 2.614212e-03
9.188320e-01, 2.633987e-03
9.188330e-01, 2.653762e-03
9.188340e-01, 2.673535e-03
9.188350e-01, 2.693306e-03
9.188360e-01, 2.713076e-03
9.188370e-01, 2.732845e-03
9.188380e-01, 2.752612e-03
9.188390e-01, 2.772378e-03
9.188400e-01, 2.792143e-03
9.188410e-01, 2.811906e-03
9.188420e-01, 2.831668e-03
9.188430e-01, 2.851429e-03
9.188440e-01, 2.871188e-03
9.188450e-01, 2.890945e-03
9.188460e-01, 2.910702e-03
9.188470e-01, 2.930456e-03
9.188480e-01, 2.950210e-03
9.188490e-01, 2.969962e-03
9.188500e-01, 2.989713e-03
9.188510e-01, 3.009462e-03
9.188520e-01, 3.029210e-03
9.188530e-01, 3.048957e-03
9.188540e-01, 3.068702e-03
9.188550e-01, 3.088446e-03
9.188560e-01, 3.108188e-03
9.188570e-01, 3.127929e-03
9.188580e-01, 3.147669e-03
9.188590e-01, 3.167407e-03
9.188600e-01, 3.187144e-03
9.188610e-01, 3.206879e-03
9.188620e-01, 3.226613e-03
9.188630e-01, 3.246346e-03
9.188640e-01, 3.266077e-03
9.188650e-01, 3.285807e-03
9.188660e-01, 3.305536e-03
9.188670e-01, 3.325263e-03
9.188680e-01, 3.344989e-03
9.188690e-01, 3.364713e-03
9.188700e-01, 3.384436e-03
9.188710e-01, 3.404158e-03
9.188720e-01, 3.423878e-03
9.188730e-01, 3.443597e-03
9.188740e-01, 3.463315e-03
9.188750e-01, 3.483031e-03
9.188760e-01, 3.502746e-03
9.188770e-01, 3.522459e-03
9.188780e-01, 3.542171e-03
9.188790e-01, 3.561881e-03
9.188800e-01, 3.581591e-03
9.188810e-01, 3.601298e-03
9.188820e-01, 3.621005e-03
9.188830e-01, 3.640710e-03
9.188840e-01, 3.660414e-03
9.188850e-01, 3.680116e-03
9.188860e-01, 3.699817e-03
9.188870e-01, 3.719516e-03
9.188880e-01, 3.739214e-03
9.188890e-01, 3.758911e-03
9.188900e-01, 3.778607e-03
9.188910e-01, 3.798301e-03
9.188920e-01, 3.817993e-03
9.188930e-01, 3.837684e-03
9.188940e-01, 3.857374e-03
9.188950e-01, 3.877063e-03
9.188960e-01, 3.896750e-03
9.188970e-01, 3.916436e-03
9.188980e-01, 3.936120e-03
9.188990e-01, 3.955803e-03
9.189000e-01, 3.975484e-03
9.189010e-01, 3.995165e-03
9.189020e-01, 4.014843e-03
9.189030e-01, 4.034521e-03
9.189040e-01, 4.054197e-03
9.189050e-01, 4.073872e-03
9.189060e-01, 4.093545e-03
9.189070e-01, 4.113217e-03
9.189080e-01, 4.132887e-03
9.189090e-01, 4.152557e-03
9.189100e-01, 4.172224e-03
9.189110e-01, 4.191891e-03
9.189120e-01, 4.211556e-03
9.189130e-01, 4.231219e-03
9.189140e-01, 4.250882e-03
9.189150e-01, 4.270543e-03
9.189160e-01, 4.290202e-03
9.189170e-01, 4.309860e-03
9.189180e-01, 4.329517e-03
9.189190e-01, 4.349172e-03
9.189200e-01, 4.368826e-03
9.189210e-01, 4.388479e-03
9.189220e-01, 4.408130e-03
9.189230e-01, 4.427780e-03
9.189240e-01, 4.447429e-03
9.189250e-01, 4.467076e-03
9.189260e-01, 4.486722e-03
9.189270e-01, 4.506366e-03
9.189280e-01, 4.526009e-03
9.189290e-01, 4.545651e-03
9.189300e-01, 4.565291e-03
9.189310e-01, 4.584930e-03
9.189320e-01, 4.604567e-03
9.189330e-01, 4.624204e-03
9.189340e-01, 4.643838e-03
9.189350e-01, 4.663472e-03
9.189360e-01, 4.683104e-03
9.189370e-01, 4.702734e-03
9.189380e-01, 4.722364e-03
9.189390e-01, 4.741991e-03
9.189400e-01, 4.761618e-03
9.189410e-01, 4.781243e-03
9.189420e-01, 4.800867e-03
9.189430e-01, 4.820489e-03
9.189440e-01, 4.840110e-03
9.189450e-01, 4.859730e-03
9.189460e-01, 4.879348e-03
9.189470e-01, 4.898965e-03
9.189480e-01, 4.918581e-03
9.189490e-01, 4.938195e-03
9.189500e-01, 4.957808e-03
9.189510e-01, 4.977419e-03
9.189520e-01, 4.997029e-03
9.189530e-01, 5.016638e-03
9.189540e-01, 5.036245e-03
9.189550e-01, 5.055851e-03
9.189560e-01, 5.075455e-03
9.189570e-01, 5.095059e-03
9.189580e-01, 5.114660e-03
9.189590e-01, 5.134261e-03
9.189600e-01, 5.153860e-03
9.189610e-01, 5.173458e-03
9.189620e-01, 5.193054e-03
9.189630e-01, 5.212649e-03
9.189640e-01, 5.232243e-03
9.189650e-01, 5.251835e-03
9.189660e-01, 5.271426e-03
9.189670e-01, 5.291015e-03
9.189680e-01, 5.310603e-03
9.189690e-01, 5.330190e-03
9.189700e-01, 5.349775e-03
9.189710e-01, 5.369359e-03
9.189720e-01, 5.388942e-03
9.189730e-01, 5.408523e-03
9.189740e-01, 5.428103e-03
9.189750e-01, 5.447682e-03
9.189760e-01, 5.467259e-03
9.189770e-01, 5.486835e-03
9.189780e-01, 5.506409e-03
9.189790e-01, 5.525982e-03
9.189800e-01, 5.545554e-03
9.189810e-01, 5.565124e-03
9.189820e-01, 5.584693e-03
9.189830e-01, 5.604260e-03
9.189840e-01, 5.623827e-03
9.189850e-01, 5.643392e-03
9.189860e-01, 5.662955e-03
9.189870e-01, 5.682517e-03
9.189880e-01, 5.702078e-03
9.189890e-01, 5.721637e-03
9.189900e-01, 5.741195e-03
9.189910e-01, 5.760752e-03
9.189920e-01, 5.780307e-03
9.189930e-01, 5.799861e-03
9.189940e-01, 5.819414e-03
9.189950e-01, 5.838965e-03
9.189960e-01, 5.858515e-03
9.189970e-01, 5.878063e-03
9.189980e-01, 5.897610e-03
9.189990e-01, 5.917156e-03
9.190000e-01, 5.936700e-03
