0.000000e+00 0.000000e+00
2.538906e+00 3.698632e-05
5.077812e+00 1.415100e-04
7.616718e+00 3.170219e-04
1.015562e+01 5.629815e-04
1.269453e+01 8.792812e-04
1.523344e+01 1.265868e-03
1.777234e+01 1.722699e-03
2.031125e+01 2.249734e-03
2.285015e+01 2.846929e-03
2.538906e+01 3.514235e-03
2.792797e+01 4.251599e-03
3.046687e+01 5.058966e-03
3.300578e+01 5.936270e-03
3.554468e+01 6.883446e-03
3.808359e+01 7.900418e-03
4.062250e+01 8.987110e-03
4.316140e+01 1.014344e-02
4.570031e+01 1.136931e-02
4.823921e+01 1.266463e-02
5.077812e+01 1.402931e-02
5.331703e+01 1.546323e-02
5.585593e+01 1.696629e-02
5.839484e+01 1.853836e-02
6.093374e+01 2.017934e-02
6.347265e+01 2.188909e-02
6.601156e+01 2.366748e-02
6.855046e+01 2.551437e-02
7.108937e+01 2.742963e-02
7.362827e+01 2.941310e-02
7.616718e+01 3.146463e-02
7.870609e+01 3.358406e-02
8.124499e+01 3.577123e-02
8.378390e+01 3.802598e-02
8.632280e+01 4.034812e-02
8.886171e+01 4.273748e-02
9.140062e+01 4.519388e-02
9.393952e+01 4.771712e-02
9.647843e+01 5.030701e-02
9.901733e+01 5.296335e-02
1.015562e+02 5.568593e-02
1.040951e+02 5.847456e-02
1.066341e+02 6.132900e-02
1.091730e+02 6.424905e-02
1.117119e+02 6.723447e-02
1.142508e+02 7.028503e-02
1.167897e+02 7.340050e-02
1.193286e+02 7.658065e-02
1.218675e+02 7.982522e-02
1.244064e+02 8.313396e-02
1.269453e+02 8.650662e-02
1.294842e+02 8.994293e-02
1.320231e+02 9.344264e-02
1.345620e+02 9.700548e-02
1.371009e+02 1.006312e-01
1.396398e+02 1.043194e-01
1.421787e+02 1.080699e-01
1.447176e+02 1.118824e-01
1.472565e+02 1.157567e-01
1.497955e+02 1.196923e-01
1.523344e+02 1.236890e-01
1.548733e+02 1.277465e-01
1.574122e+02 1.318644e-01
1.599511e+02 1.360425e-01
1.624900e+02 1.402805e-01
1.650289e+02 1.445779e-01
1.675678e+02 1.489345e-01
1.701067e+02 1.533500e-01
1.726456e+02 1.578239e-01
1.751845e+02 1.623560e-01
1.777234e+02 1.669459e-01
1.802623e+02 1.715932e-01
1.828012e+02 1.762976e-01
1.853401e+02 1.810587e-01
1.878790e+02 1.858761e-01
1.904179e+02 1.907495e-01
1.929569e+02 1.956785e-01
1.954958e+02 2.006627e-01
1.980347e+02 2.057017e-01
2.005736e+02 2.107952e-01
2.031125e+02 2.159427e-01
2.056514e+02 2.211438e-01
2.081903e+02 2.263982e-01
2.107292e+02 2.317054e-01
2.132681e+02 2.370650e-01
2.158070e+02 2.424766e-01
2.183459e+02 2.479398e-01
2.208848e+02 2.534541e-01
2.234237e+02 2.590192e-01
2.259626e+02 2.646345e-01
2.285015e+02 2.702997e-01
2.310404e+02 2.760143e-01
2.335793e+02 2.817779e-01
2.361183e+02 2.875900e-01
2.386572e+02 2.934501e-01
2.411961e+02 2.993579e-01
2.437350e+02 3.053128e-01
2.462739e+02 3.113144e-01
2.488128e+02 3.173623e-01
2.513517e+02 3.234558e-01
2.538906e+02 3.295947e-01
2.564295e+02 3.357783e-01
2.589684e+02 3.420062e-01
2.615073e+02 3.482780e-01
2.640462e+02 3.545931e-01
2.665851e+02 3.609510e-01
2.691240e+02 3.673513e-01
2.716629e+02 3.737934e-01
2.742018e+02 3.802769e-01
2.767408e+02 3.868012e-01
2.792797e+02 3.933658e-01
2.818186e+02 3.999702e-01
2.843575e+02 4.066139e-01
2.868964e+02 4.132964e-01
2.894353e+02 4.200171e-01
2.919742e+02 4.267756e-01
2.945131e+02 4.335712e-01
2.970520e+02 4.404035e-01
2.995909e+02 4.472719e-01
3.021298e+02 4.541759e-01
3.046687e+02 4.611149e-01
3.072076e+02 4.680885e-01
3.097465e+02 4.750959e-01
3.122854e+02 4.821368e-01
3.148243e+02 4.892105e-01
3.173632e+02 4.963165e-01
3.199022e+02 5.034542e-01
3.224411e+02 5.106231e-01
3.249800e+02 5.178226e-01
3.275189e+02 5.250521e-01
3.300578e+02 5.323111e-01
3.325967e+02 5.395990e-01
3.351356e+02 5.469152e-01
3.376745e+02 5.542591e-01
3.402134e+02 5.616302e-01
3.427523e+02 5.690278e-01
3.452912e+02 5.764515e-01
3.478301e+02 5.839005e-01
3.503690e+02 5.913744e-01
3.529079e+02 5.988725e-01
3.554468e+02 6.063942e-01
3.579857e+02 6.139390e-01
3.605246e+02 6.215062e-01
3.630636e+02 6.290952e-01
3.656025e+02 6.367055e-01
3.681414e+02 6.443364e-01
3.706803e+02 6.519873e-01
3.732192e+02 6.596577e-01
3.757581e+02 6.673468e-01
3.782970e+02 6.750541e-01
3.808359e+02 6.827791e-01
3.833748e+02 6.905210e-01
3.859137e+02 6.982792e-01
3.884526e+02 7.060532e-01
3.909915e+02 7.138423e-01
3.935304e+02 7.216459e-01
3.960693e+02 7.294633e-01
3.986082e+02 7.372940e-01
4.011471e+02 7.451373e-01
4.036861e+02 7.529926e-01
4.062250e+02 7.608593e-01
4.087639e+02 7.687367e-01
4.113028e+02 7.766242e-01
4.138417e+02 7.845212e-01
4.163806e+02 7.924271e-01
4.189195e+02 8.003411e-01
4.214584e+02 8.082627e-01
4.239973e+02 8.161912e-01
4.265362e+02 8.241261e-01
4.290751e+02 8.320665e-01
4.316140e+02 8.400121e-01
4.341529e+02 8.479619e-01
4.366918e+02 8.559156e-01
4.392307e+02 8.638723e-01
4.417696e+02 8.718315e-01
4.443085e+02 8.797925e-01
4.468475e+02 8.877546e-01
4.493864e+02 8.957173e-01
4.519253e+02 9.036799e-01
4.544642e+02 9.116417e-01
4.570031e+02 9.196021e-01
4.595420e+02 9.275604e-01
4.620809e+02 9.355161e-01
4.646198e+02 9.434684e-01
4.671587e+02 9.514167e-01
4.696976e+02 9.593604e-01
4.722365e+02 9.672988e-01
4.747754e+02 9.752313e-01
4.773143e+02 9.831572e-01
4.798532e+02 9.910758e-01
4.823921e+02 9.989867e-01
4.849310e+02 1.006889e+00
4.874699e+02 1.014782e+00
4.900089e+02 1.022665e+00
4.925478e+02 1.030538e+00
4.950867e+02 1.038400e+00
4.976256e+02 1.046250e+00
5.001645e+02 1.054088e+00
5.027034e+02 1.061912e+00
5.052423e+02 1.069723e+00
5.077812e+02 1.077520e+00
5.103201e+02 1.085302e+00
5.128590e+02 1.093068e+00
5.153979e+02 1.100818e+00
5.179368e+02 1.108551e+00
5.204757e+02 1.116266e+00
5.230146e+02 1.123964e+00
5.255535e+02 1.131642e+00
5.280924e+02 1.139301e+00
5.306313e+02 1.146940e+00
5.331703e+02 1.154559e+00
5.357092e+02 1.162156e+00
5.382481e+02 1.169731e+00
5.407870e+02 1.177283e+00
5.433259e+02 1.184812e+00
5.458648e+02 1.192318e+00
5.484037e+02 1.199799e+00
5.509426e+02 1.207254e+00
5.534815e+02 1.214684e+00
5.560204e+02 1.222088e+00
5.585593e+02 1.229465e+00
5.610982e+02 1.236814e+00
5.636371e+02 1.244135e+00
5.661760e+02 1.251427e+00
5.687149e+02 1.258690e+00
5.712538e+02 1.265923e+00
5.737928e+02 1.273124e+00
5.763317e+02 1.280295e+00
5.788706e+02 1.287434e+00
5.814095e+02 1.294540e+00
5.839484e+02 1.301614e+00
5.864873e+02 1.308653e+00
5.890262e+02 1.315659e+00
5.915651e+02 1.322629e+00
5.941040e+02 1.329564e+00
5.966429e+02 1.336463e+00
5.991818e+02 1.343325e+00
6.017207e+02 1.350150e+00
6.042596e+02 1.356937e+00
6.067985e+02 1.363686e+00
6.093374e+02 1.370396e+00
6.118763e+02 1.377066e+00
6.144152e+02 1.383696e+00
6.169542e+02 1.390285e+00
6.194931e+02 1.396834e+00
6.220320e+02 1.403340e+00
6.245709e+02 1.409804e+00
6.271098e+02 1.416224e+00
6.296487e+02 1.422602e+00
6.321876e+02 1.428935e+00
6.347265e+02 1.435224e+00
6.372654e+02 1.441467e+00
6.398043e+02 1.447665e+00
6.423432e+02 1.453816e+00
6.448821e+02 1.459921e+00
6.474210e+02 1.465978e+00
6.499599e+02 1.471987e+00
6.524988e+02 1.477948e+00
6.550377e+02 1.483860e+00
6.575766e+02 1.489723e+00
6.601156e+02 1.495535e+00
6.626545e+02 1.501297e+00
6.651934e+02 1.507008e+00
6.677323e+02 1.512668e+00
6.702712e+02 1.518275e+00
6.728101e+02 1.523830e+00
6.753490e+02 1.529332e+00
6.778879e+02 1.534781e+00
6.804268e+02 1.540175e+00
6.829657e+02 1.545515e+00
6.855046e+02 1.550800e+00
6.880435e+02 1.556030e+00
6.905824e+02 1.561203e+00
6.931213e+02 1.566320e+00
6.956602e+02 1.571381e+00
6.981991e+02 1.576384e+00
7.007380e+02 1.581329e+00
7.032770e+02 1.586216e+00
7.058159e+02 1.591044e+00
7.083548e+02 1.595813e+00
7.108937e+02 1.600523e+00
7.134326e+02 1.605173e+00
7.159715e+02 1.609762e+00
7.185104e+02 1.614290e+00
7.210493e+02 1.618757e+00
7.235882e+02 1.623162e+00
7.261271e+02 1.627506e+00
7.286660e+02 1.631786e+00
7.312049e+02 1.636004e+00
7.337438e+02 1.640158e+00
7.362827e+02 1.644249e+00
7.388216e+02 1.648276e+00
7.413605e+02 1.652238e+00
7.438995e+02 1.656135e+00
7.464384e+02 1.659967e+00
7.489773e+02 1.663733e+00
7.515162e+02 1.667434e+00
7.540551e+02 1.671068e+00
7.565940e+02 1.674635e+00
7.591329e+02 1.678136e+00
7.616718e+02 1.681569e+00
7.642107e+02 1.684934e+00
7.667496e+02 1.688231e+00
7.692885e+02 1.691460e+00
7.718274e+02 1.694620e+00
7.743663e+02 1.697711e+00
7.769052e+02 1.700733e+00
7.794441e+02 1.703685e+00
7.819830e+02 1.706567e+00
7.845219e+02 1.709379e+00
7.870609e+02 1.712120e+00
7.895998e+02 1.714791e+00
7.921387e+02 1.717390e+00
7.946776e+02 1.719918e+00
7.972165e+02 1.722375e+00
7.997554e+02 1.724760e+00
8.022943e+02 1.727072e+00
8.048332e+02 1.729312e+00
8.073721e+02 1.731480e+00
8.099110e+02 1.733574e+00
8.124499e+02 1.735596e+00
8.149888e+02 1.737544e+00
8.175277e+02 1.739419e+00
8.200666e+02 1.741220e+00
8.226055e+02 1.742947e+00
8.251444e+02 1.744600e+00
8.276833e+02 1.746179e+00
8.302223e+02 1.747683e+00
8.327612e+02 1.749112e+00
8.353001e+02 1.750467e+00
8.378390e+02 1.751746e+00
8.403779e+02 1.752951e+00
8.429168e+02 1.754080e+00
8.454557e+02 1.755133e+00
8.479946e+02 1.756111e+00
8.505335e+02 1.757013e+00
8.530724e+02 1.757839e+00
8.556113e+02 1.758589e+00
8.581502e+02 1.759263e+00
8.606891e+02 1.759861e+00
8.632280e+02 1.760382e+00
8.657669e+02 1.760827e+00
8.683058e+02 1.761196e+00
8.708447e+02 1.761488e+00
8.733837e+02 1.761703e+00
8.759226e+02 1.761841e+00
8.784615e+02 1.761903e+00
8.810004e+02 1.761887e+00
8.835393e+02 1.761795e+00
8.860782e+02 1.761626e+00
8.886171e+02 1.761380e+00
8.911560e+02 1.761057e+00
8.936949e+02 1.760657e+00
8.962338e+02 1.760180e+00
8.987727e+02 1.759626e+00
9.013116e+02 1.758994e+00
9.038505e+02 1.758286e+00
9.063894e+02 1.757501e+00
9.089283e+02 1.756639e+00
9.114672e+02 1.755700e+00
9.140062e+02 1.754684e+00
9.165451e+02 1.753591e+00
9.190840e+02 1.752422e+00
9.216229e+02 1.751175e+00
9.241618e+02 1.749852e+00
9.267007e+02 1.748453e+00
9.292396e+02 1.746977e+00
9.317785e+02 1.745425e+00
9.343174e+02 1.743796e+00
9.368563e+02 1.742091e+00
9.393952e+02 1.740310e+00
9.419341e+02 1.738453e+00
9.444730e+02 1.736521e+00
9.470119e+02 1.734512e+00
9.495508e+02 1.732429e+00
9.520897e+02 1.730269e+00
9.546286e+02 1.728035e+00
9.571676e+02 1.725726e+00
9.597065e+02 1.723341e+00
9.622454e+02 1.720882e+00
9.647843e+02 1.718349e+00
9.673232e+02 1.715741e+00
9.698621e+02 1.713059e+00
9.724010e+02 1.710304e+00
9.749399e+02 1.707475e+00
9.774788e+02 1.704572e+00
9.800177e+02 1.701596e+00
9.825566e+02 1.698547e+00
9.850955e+02 1.695426e+00
9.876344e+02 1.692232e+00
9.901733e+02 1.688966e+00
9.927122e+02 1.685629e+00
9.952511e+02 1.682220e+00
9.977900e+02 1.678739e+00
1.000329e+03 1.675188e+00
1.002868e+03 1.671566e+00
1.005407e+03 1.667873e+00
1.007946e+03 1.664111e+00
1.010485e+03 1.660279e+00
1.013023e+03 1.656378e+00
1.015562e+03 1.652407e+00
1.018101e+03 1.648369e+00
1.020640e+03 1.644261e+00
1.023179e+03 1.640086e+00
1.025718e+03 1.635844e+00
1.028257e+03 1.631535e+00
1.030796e+03 1.627158e+00
1.033335e+03 1.622716e+00
1.035874e+03 1.618207e+00
1.038413e+03 1.613634e+00
1.040951e+03 1.608995e+00
1.043490e+03 1.604292e+00
1.046029e+03 1.599524e+00
1.048568e+03 1.594693e+00
1.051107e+03 1.589798e+00
1.053646e+03 1.584841e+00
1.056185e+03 1.579822e+00
1.058724e+03 1.574741e+00
1.061263e+03 1.569598e+00
1.063802e+03 1.564395e+00
1.066341e+03 1.559131e+00
1.068879e+03 1.553808e+00
1.071418e+03 1.548425e+00
1.073957e+03 1.542984e+00
1.076496e+03 1.537484e+00
1.079035e+03 1.531927e+00
1.081574e+03 1.526313e+00
1.084113e+03 1.520642e+00
1.086652e+03 1.514915e+00
1.089191e+03 1.509133e+00
1.091730e+03 1.503296e+00
1.094268e+03 1.497405e+00
1.096807e+03 1.491460e+00
1.099346e+03 1.485462e+00
1.101885e+03 1.479412e+00
1.104424e+03 1.473310e+00
1.106963e+03 1.467156e+00
1.109502e+03 1.460953e+00
1.112041e+03 1.454699e+00
1.114580e+03 1.448396e+00
1.117119e+03 1.442045e+00
1.119658e+03 1.435645e+00
1.122196e+03 1.429198e+00
1.124735e+03 1.422705e+00
1.127274e+03 1.416166e+00
1.129813e+03 1.409581e+00
1.132352e+03 1.402952e+00
1.134891e+03 1.396279e+00
1.137430e+03 1.389563e+00
1.139969e+03 1.382804e+00
1.142508e+03 1.376004e+00
1.145047e+03 1.369163e+00
1.147586e+03 1.362281e+00
1.150124e+03 1.355360e+00
1.152663e+03 1.348400e+00
1.155202e+03 1.341402e+00
1.157741e+03 1.334366e+00
1.160280e+03 1.327294e+00
1.162819e+03 1.320186e+00
1.165358e+03 1.313043e+00
1.167897e+03 1.305866e+00
1.170436e+03 1.298656e+00
1.172975e+03 1.291412e+00
1.175513e+03 1.284137e+00
1.178052e+03 1.276831e+00
1.180591e+03 1.269494e+00
1.183130e+03 1.262127e+00
1.185669e+03 1.254732e+00
1.188208e+03 1.247309e+00
1.190747e+03 1.239859e+00
1.193286e+03 1.232382e+00
1.195825e+03 1.224880e+00
1.198364e+03 1.217354e+00
1.200903e+03 1.209803e+00
1.203441e+03 1.202229e+00
1.205980e+03 1.194634e+00
1.208519e+03 1.187016e+00
1.211058e+03 1.179379e+00
1.213597e+03 1.171721e+00
1.216136e+03 1.164045e+00
1.218675e+03 1.156351e+00
1.221214e+03 1.148639e+00
1.223753e+03 1.140912e+00
1.226292e+03 1.133168e+00
1.228830e+03 1.125411e+00
1.231369e+03 1.117639e+00
1.233908e+03 1.109855e+00
1.236447e+03 1.102058e+00
1.238986e+03 1.094250e+00
1.241525e+03 1.086432e+00
1.244064e+03 1.078605e+00
1.246603e+03 1.070769e+00
1.249142e+03 1.062925e+00
1.251681e+03 1.055075e+00
1.254220e+03 1.047218e+00
1.256758e+03 1.039356e+00
1.259297e+03 1.031490e+00
1.261836e+03 1.023621e+00
1.264375e+03 1.015748e+00
1.266914e+03 1.007875e+00
1.269453e+03 1.000000e+00
