1.000000e-02, -1.782238e+00
1.020000e-02, 4.018329e-01
1.040000e-02, 2.379374e-01
1.060000e-02, 1.784030e-01
1.080000e-02, 1.501141e-01
1.100000e-02, 1.363392e-01
1.120000e-02, 1.323941e-01
1.140000e-02, 1.398748e-01
1.160000e-02, 1.766469e-01
1.180000e-02, 7.201606e-01
1.200000e-02, -5.088059e-02
1.220000e-02, 1.790251e-02
1.240000e-02, 3.773684e-02
1.260000e-02, 4.745941e-02
1.280000e-02, 5.372329e-02
1.300000e-02, 5.863016e-02
1.320000e-02, 6.309983e-02
1.340000e-02, 6.767329e-02
1.360000e-02, 7.280179e-02
1.380000e-02, 7.902573e-02
1.400000e-02, 8.720677e-02
1.420000e-02, 9.905002e-02
1.440000e-02, 1.187506e-01
1.460000e-02, 1.605692e-01
1.480000e-02, 3.258189e-01
1.500000e-02, -4.562074e-01
1.520000e-02, -7.362375e-02
1.540000e-02, -1.578231e-02
1.560000e-02, 8.585472e-03
1.580000e-02, 2.266448e-02
1.600000e-02, 3.230447e-02
1.620000e-02, 3.968209e-02
1.640000e-02, 4.580501e-02
1.660000e-02, 5.121723e-02
1.680000e-02, 5.625373e-02
1.700000e-02, 6.115036e-02
1.720000e-02, 6.609999e-02
1.740000e-02, 7.128826e-02
1.760000e-02, 7.692434e-02
1.780000e-02, 8.327835e-02
1.800000e-02, 9.074018e-02
1.820000e-02, 9.992982e-02
1.840000e-02, 1.119334e-01
1.860000e-02, 1.288833e-01
1.880000e-02, 1.556701e-01
1.900000e-02, 2.066162e-01
1.920000e-02, 3.496157e-01
1.940000e-02, 4.610632e+00
1.960000e-02, -2.743657e-01
1.980000e-02, -9.903757e-02
2.000000e-02, -4.212254e-02
2.020000e-02, -1.324303e-02
2.040000e-02, 4.675923e-03
2.060000e-02, 1.719892e-02
2.080000e-02, 2.668361e-02
2.100000e-02, 3.430282e-02
2.120000e-02, 4.070837e-02
2.140000e-02, 4.629397e-02
2.160000e-02, 5.131405e-02
2.180000e-02, 5.594300e-02
2.200000e-02, 6.030714e-02
2.220000e-02, 6.450329e-02
2.240000e-02, 6.861018e-02
2.260000e-02, 7.269611e-02
2.280000e-02, 7.682451e-02
2.300000e-02, 8.105853e-02
2.320000e-02, 8.546537e-02
2.340000e-02, 9.012103e-02
2.360000e-02, 9.511613e-02
2.380000e-02, 1.005639e-01
2.400000e-02, 1.066119e-01
2.420000e-02, 1.134599e-01
2.440000e-02, 1.213894e-01
2.460000e-02, 1.308141e-01
2.480000e-02, 1.423714e-01
2.500000e-02, 1.571030e-01
2.520000e-02, 1.768392e-01
2.540000e-02, 2.051275e-01
2.560000e-02, 2.498712e-01
2.580000e-02, 3.329941e-01
2.600000e-02, 5.463508e-01
2.620000e-02, 2.429106e+00
2.640000e-02, -7.308528e-01
2.660000e-02, -2.697899e-01
2.680000e-02, -1.434543e-01
2.700000e-02, -8.378486e-02
2.720000e-02, -4.863777e-02
2.740000e-02, -2.520488e-02
2.760000e-02, -8.271152e-03
2.780000e-02, 4.686586e-03
2.800000e-02, 1.503854e-02
2.820000e-02, 2.359350e-02
2.840000e-02, 3.086011e-02
2.860000e-02, 3.717466e-02
2.880000e-02, 4.276878e-02
2.900000e-02, 4.780759e-02
2.920000e-02, 5.241228e-02
2.940000e-02, 5.667419e-02
2.960000e-02, 6.066381e-02
2.980000e-02, 6.443672e-02
3.000000e-02, 6.803772e-02
3.020000e-02, 7.150367e-02
3.040000e-02, 7.486557e-02
3.060000e-02, 7.815004e-02
3.080000e-02, 8.138047e-02
3.100000e-02, 8.457792e-02
3.120000e-02, 8.776186e-02
3.140000e-02, 9.095068e-02
3.160000e-02, 9.416229e-02
3.180000e-02, 9.741455e-02
3.200000e-02, 1.007257e-01
3.220000e-02, 1.041149e-01
3.240000e-02, 1.076026e-01
3.260000e-02, 1.112113e-01
3.280000e-02, 1.149658e-01
3.300000e-02, 1.188945e-01
3.320000e-02, 1.230300e-01
3.340000e-02, 1.274102e-01
3.360000e-02, 1.320805e-01
3.380000e-02, 1.370949e-01
3.400000e-02, 1.425198e-01
3.420000e-02, 1.484369e-01
3.440000e-02, 1.549490e-01
3.460000e-02, 1.621872e-01
3.480000e-02, 1.703219e-01
3.500000e-02, 1.795789e-01
3.520000e-02, 1.902642e-01
3.540000e-02, 2.028037e-01
3.560000e-02, 2.178085e-01
3.580000e-02, 2.361882e-01
3.600000e-02, 2.593596e-01
3.620000e-02, 2.896574e-01
3.640000e-02, 3.312220e-01
3.660000e-02, 3.921661e-01
3.680000e-02, 4.908412e-01
3.700000e-02, 6.794417e-01
3.720000e-02, 1.188763e+00
3.740000e-02, 7.713957e+00
3.760000e-02, -1.461509e+00
3.780000e-02, -6.136746e-01
3.800000e-02, -3.639884e-01
3.820000e-02, -2.440557e-01
3.840000e-02, -1.733011e-01
3.860000e-02, -1.264221e-01
3.880000e-02, -9.293213e-02
3.900000e-02, -6.770069e-02
3.920000e-02, -4.792091e-02
3.940000e-02, -3.192775e-02
3.960000e-02, -1.867090e-02
3.980000e-02, -7.454979e-03
4.000000e-02, 2.198782e-03
4.020000e-02, 1.063084e-02
4.040000e-02, 1.808997e-02
4.060000e-02, 2.476223e-02
4.080000e-02, 3.078960e-02
4.100000e-02, 3.628234e-02
4.120000e-02, 4.132741e-02
4.140000e-02, 4.599436e-02
4.160000e-02, 5.033950e-02
4.180000e-02, 5.440896e-02
4.200000e-02, 5.824091e-02
4.220000e-02, 6.186723e-02
4.240000e-02, 6.531478e-02
4.260000e-02, 6.860641e-02
4.280000e-02, 7.176169e-02
4.300000e-02, 7.479748e-02
4.320000e-02, 7.772847e-02
4.340000e-02, 8.056750e-02
4.360000e-02, 8.332588e-02
4.380000e-02, 8.601365e-02
4.400000e-02, 8.863980e-02
4.420000e-02, 9.121237e-02
4.440000e-02, 9.373868e-02
4.460000e-02, 9.622537e-02
4.480000e-02, 9.867856e-02
4.500000e-02, 1.011039e-01
4.520000e-02, 1.035066e-01
4.540000e-02, 1.058917e-01
4.560000e-02, 1.082639e-01
4.580000e-02, 1.106274e-01
4.600000e-02, 1.129868e-01
4.620000e-02, 1.153460e-01
4.640000e-02, 1.177091e-01
4.660000e-02, 1.200801e-01
4.680000e-02, 1.224631e-01
4.700000e-02, 1.248618e-01
4.720000e-02, 1.272803e-01
4.740000e-02, 1.297226e-01
4.760000e-02, 1.321929e-01
4.780000e-02, 1.346955e-01
4.800000e-02, 1.372346e-01
4.820000e-02, 1.398151e-01
4.840000e-02, 1.424416e-01
4.860000e-02, 1.451193e-01
4.880000e-02, 1.478537e-01
4.900000e-02, 1.506505e-01
4.920000e-02, 1.535159e-01
4.940000e-02, 1.564567e-01
4.960000e-02, 1.594800e-01
4.980000e-02, 1.625937e-01
5.000000e-02, 1.658066e-01
5.020000e-02, 1.691279e-01
5.040000e-02, 1.725680e-01
5.060000e-02, 1.761385e-01
5.080000e-02, 1.798521e-01
5.100000e-02, 1.837230e-01
5.120000e-02, 1.877670e-01
5.140000e-02, 1.920021e-01
5.160000e-02, 1.964484e-01
5.180000e-02, 2.011288e-01
5.200000e-02, 2.060692e-01
5.220000e-02, 2.112997e-01
5.240000e-02, 2.168545e-01
5.260000e-02, 2.227733e-01
5.280000e-02, 2.291026e-01
5.300000e-02, 2.358966e-01
5.320000e-02, 2.432194e-01
5.340000e-02, 2.511471e-01
5.360000e-02, 2.597710e-01
5.380000e-02, 2.692015e-01
5.400000e-02, 2.795734e-01
5.420000e-02, 2.910528e-01
5.440000e-02, 3.038474e-01
5.460000e-02, 3.182197e-01
5.480000e-02, 3.345069e-01
5.500000e-02, 3.531492e-01
5.520000e-02, 3.747327e-01
5.540000e-02, 4.000550e-01
5.560000e-02, 4.302304e-01
5.580000e-02, 4.668644e-01
5.600000e-02, 5.123579e-01
5.620000e-02, 5.704692e-01
5.640000e-02, 6.474318e-01
5.660000e-02, 7.543940e-01
5.680000e-02, 9.134505e-01
5.700000e-02, 1.175451e+00
5.720000e-02, 1.689342e+00
5.740000e-02, 3.159062e+00
5.760000e-02, 4.460224e+01
5.780000e-02, -3.413783e+00
5.800000e-02, -1.581193e+00
5.820000e-02, -1.000430e+00
5.840000e-02, -7.150509e-01
5.860000e-02, -5.451818e-01
5.880000e-02, -4.323516e-01
5.900000e-02, -3.518555e-01
5.920000e-02, -2.914558e-01
5.940000e-02, -2.443983e-01
5.960000e-02, -2.066507e-01
5.980000e-02, -1.756565e-01
6.000000e-02, -1.497169e-01
6.020000e-02, -1.276585e-01
6.040000e-02, -1.086451e-01
6.060000e-02, -9.206443e-02
6.080000e-02, -7.745800e-02
6.100000e-02, -6.447566e-02
6.120000e-02, -5.284536e-02
6.140000e-02, -4.235254e-02
6.160000e-02, -3.282567e-02
6.180000e-02, -2.412602e-02
6.200000e-02, -1.614013e-02
6.220000e-02, -8.774314e-03
6.240000e-02, -1.950555e-03
6.260000e-02, 4.396672e-03
6.280000e-02, 1.032280e-02
6.300000e-02, 1.587502e-02
6.320000e-02, 2.109382e-02
6.340000e-02, 2.601405e-02
6.360000e-02, 3.066594e-02
6.380000e-02, 3.507584e-02
6.400000e-02, 3.926677e-02
6.420000e-02, 4.325901e-02
6.440000e-02, 4.707041e-02
6.460000e-02, 5.071684e-02
6.480000e-02, 5.421237e-02
6.500000e-02, 5.756959e-02
6.520000e-02, 6.079975e-02
6.540000e-02, 6.391297e-02
6.560000e-02, 6.691835e-02
6.580000e-02, 6.982413e-02
6.600000e-02, 7.263776e-02
6.620000e-02, 7.536602e-02
6.640000e-02, 7.801507e-02
6.660000e-02, 8.059054e-02
6.680000e-02, 8.309757e-02
6.700000e-02, 8.554089e-02
6.720000e-02, 8.792484e-02
6.740000e-02, 9.025339e-02
6.760000e-02, 9.253025e-02
6.780000e-02, 9.475881e-02
6.800000e-02, 9.694221e-02
6.820000e-02, 9.908340e-02
6.840000e-02, 1.011851e-01
6.860000e-02, 1.032498e-01
6.880000e-02, 1.052799e-01
6.900000e-02, 1.072776e-01
6.920000e-02, 1.092450e-01
6.940000e-02, 1.111840e-01
6.960000e-02, 1.130963e-01
6.980000e-02, 1.149839e-01
7.000000e-02, 1.168481e-01
7.020000e-02, 1.186907e-01
7.040000e-02, 1.205129e-01
7.060000e-02, 1.223162e-01
7.080000e-02, 1.241019e-01
7.100000e-02, 1.258711e-01
7.120000e-02, 1.276251e-01
7.140000e-02, 1.293650e-01
7.160000e-02, 1.310918e-01
7.180000e-02, 1.328065e-01
7.200000e-02, 1.345102e-01
7.220000e-02, 1.362037e-01
7.240000e-02, 1.378880e-01
7.260000e-02, 1.395639e-01
7.280000e-02, 1.412323e-01
7.300000e-02, 1.428939e-01
7.320000e-02, 1.445496e-01
7.340000e-02, 1.462001e-01
7.360000e-02, 1.478461e-01
7.380000e-02, 1.494884e-01
7.400000e-02, 1.511276e-01
7.420000e-02, 1.527645e-01
7.440000e-02, 1.543997e-01
7.460000e-02, 1.560339e-01
7.480000e-02, 1.576676e-01
7.500000e-02, 1.593017e-01
7.520000e-02, 1.609365e-01
7.540000e-02, 1.625729e-01
7.560000e-02, 1.642114e-01
7.580000e-02, 1.658526e-01
7.600000e-02, 1.674971e-01
7.620000e-02, 1.691455e-01
7.640000e-02, 1.707985e-01
7.660000e-02, 1.724565e-01
7.680000e-02, 1.741203e-01
7.700000e-02, 1.757904e-01
7.720000e-02, 1.774675e-01
7.740000e-02, 1.791520e-01
7.760000e-02, 1.808448e-01
7.780000e-02, 1.825462e-01
7.800000e-02, 1.842571e-01
7.820000e-02, 1.859780e-01
7.840000e-02, 1.877096e-01
7.860000e-02, 1.894526e-01
7.880000e-02, 1.912075e-01
7.900000e-02, 1.929751e-01
7.920000e-02, 1.947560e-01
7.940000e-02, 1.965511e-01
7.960000e-02, 1.983609e-01
7.980000e-02, 2.001863e-01
8.000000e-02, 2.020279e-01
8.020000e-02, 2.038867e-01
8.040000e-02, 2.057634e-01
8.060000e-02, 2.076587e-01
8.080000e-02, 2.095736e-01
8.100000e-02, 2.115090e-01
8.120000e-02, 2.134657e-01
8.140000e-02, 2.154448e-01
8.160000e-02, 2.174470e-01
8.180000e-02, 2.194736e-01
8.200000e-02, 2.215254e-01
8.220000e-02, 2.236037e-01
8.240000e-02, 2.257095e-01
8.260000e-02, 2.278440e-01
8.280000e-02, 2.300083e-01
8.300000e-02, 2.322039e-01
8.320000e-02, 2.344320e-01
8.340000e-02, 2.366939e-01
8.360000e-02, 2.389912e-01
8.380000e-02, 2.413253e-01
8.400000e-02, 2.436978e-01
8.420000e-02, 2.461104e-01
8.440000e-02, 2.485648e-01
8.460000e-02, 2.510628e-01
8.480000e-02, 2.536063e-01
8.500000e-02, 2.561974e-01
8.520000e-02, 2.588381e-01
8.540000e-02, 2.615307e-01
8.560000e-02, 2.642775e-01
8.580000e-02, 2.670810e-01
8.600000e-02, 2.699437e-01
8.620000e-02, 2.728685e-01
8.640000e-02, 2.758583e-01
8.660000e-02, 2.789160e-01
8.680000e-02, 2.820452e-01
8.700000e-02, 2.852490e-01
8.720000e-02, 2.885314e-01
8.740000e-02, 2.918961e-01
8.760000e-02, 2.953474e-01
8.780000e-02, 2.988896e-01
8.800000e-02, 3.025276e-01
8.820000e-02, 3.062663e-01
8.840000e-02, 3.101112e-01
8.860000e-02, 3.140681e-01
8.880000e-02, 3.181431e-01
8.900000e-02, 3.223429e-01
8.920000e-02, 3.266746e-01
8.940000e-02, 3.311460e-01
8.960000e-02, 3.357652e-01
8.980000e-02, 3.405413e-01
9.000000e-02, 3.454838e-01
9.020000e-02, 3.506033e-01
9.040000e-02, 3.559110e-01
9.060000e-02, 3.614192e-01
9.080000e-02, 3.671414e-01
9.100000e-02, 3.730921e-01
9.120000e-02, 3.792872e-01
9.140000e-02, 3.857441e-01
9.160000e-02, 3.924820e-01
9.180000e-02, 3.995218e-01
9.200000e-02, 4.068867e-01
9.220000e-02, 4.146022e-01
9.240000e-02, 4.226965e-01
9.260000e-02, 4.312010e-01
9.280000e-02, 4.401506e-01
9.300000e-02, 4.495843e-01
9.320000e-02, 4.595456e-01
9.340000e-02, 4.700837e-01
9.360000e-02, 4.812537e-01
9.380000e-02, 4.931183e-01
9.400000e-02, 5.057484e-01
9.420000e-02, 5.192251e-01
9.440000e-02, 5.336413e-01
9.460000e-02, 5.491040e-01
9.480000e-02, 5.657372e-01
9.500000e-02, 5.836848e-01
9.520000e-02, 6.031159e-01
9.540000e-02, 6.242295e-01
9.560000e-02, 6.472617e-01
9.580000e-02, 6.724955e-01
9.600000e-02, 7.002717e-01
9.620000e-02, 7.310058e-01
9.640000e-02, 7.652086e-01
9.660000e-02, 8.035159e-01
9.680000e-02, 8.467291e-01
9.700000e-02, 8.958722e-01
9.720000e-02, 9.522760e-01
9.740000e-02, 1.017701e+00
9.760000e-02, 1.094528e+00
9.780000e-02, 1.186056e+00
9.800000e-02, 1.296989e+00
9.820000e-02, 1.434284e+00
9.840000e-02, 1.608670e+00
9.860000e-02, 1.837613e+00
9.880000e-02, 2.151586e+00
9.900000e-02, 2.608950e+00
9.920000e-02, 3.337316e+00
9.940000e-02, 4.679589e+00
9.960000e-02, 7.979154e+00
9.980000e-02, 2.906514e+01
1.000000e-01, -1.688814e+01
1.002000e-01, -6.423282e+00
1.004000e-01, -3.918928e+00
1.006000e-01, -2.794420e+00
1.008000e-01, -2.155505e+00
1.010000e-01, -1.743387e+00
1.012000e-01, -1.455427e+00
1.014000e-01, -1.242803e+00
1.016000e-01, -1.079323e+00
1.018000e-01, -9.496763e-01
1.020000e-01, -8.443132e-01
1.022000e-01, -7.569693e-01
1.024000e-01, -6.833643e-01
1.026000e-01, -6.204739e-01
1.028000e-01, -5.661010e-01
1.030000e-01, -5.186106e-01
1.032000e-01, -4.767610e-01
1.034000e-01, -4.395924e-01
1.036000e-01, -4.063508e-01
1.038000e-01, -3.764362e-01
1.040000e-01, -3.493647e-01
1.042000e-01, -3.247419e-01
1.044000e-01, -3.022432e-01
1.046000e-01, -2.815989e-01
1.048000e-01, -2.625832e-01
1.050000e-01, -2.450053e-01
1.052000e-01, -2.287032e-01
1.054000e-01, -2.135385e-01
1.056000e-01, -1.993919e-01
1.058000e-01, -1.861604e-01
1.060000e-01, -1.737542e-01
1.062000e-01, -1.620951e-01
1.064000e-01, -1.511143e-01
1.066000e-01, -1.407514e-01
1.068000e-01, -1.309528e-01
1.070000e-01, -1.216709e-01
1.072000e-01, -1.128635e-01
1.074000e-01, -1.044926e-01
1.076000e-01, -9.652431e-02
1.078000e-01, -8.892818e-02
1.080000e-01, -8.167668e-02
1.082000e-01, -7.474496e-02
1.084000e-01, -6.811048e-02
1.086000e-01, -6.175279e-02
1.088000e-01, -5.565324e-02
1.090000e-01, -4.979486e-02
1.092000e-01, -4.416208e-02
1.094000e-01, -3.874069e-02
1.096000e-01, -3.351760e-02
1.098000e-01, -2.848082e-02
1.100000e-01, -2.361927e-02
1.102000e-01, -1.892274e-02
1.104000e-01, -1.438180e-02
1.106000e-01, -9.987732e-03
1.108000e-01, -5.732429e-03
1.110000e-01, -1.608385e-03
1.112000e-01, 2.391381e-03
1.114000e-01, 6.273366e-03
1.116000e-01, 1.004362e-02
1.118000e-01, 1.370780e-02
1.120000e-01, 1.727118e-02
1.122000e-01, 2.073869e-02
1.124000e-01, 2.411496e-02
1.126000e-01, 2.740430e-02
1.128000e-01, 3.061080e-02
1.130000e-01, 3.373825e-02
1.132000e-01, 3.679026e-02
1.134000e-01, 3.977019e-02
1.136000e-01, 4.268122e-02
1.138000e-01, 4.552636e-02
1.140000e-01, 4.830843e-02
1.142000e-01, 5.103009e-02
1.144000e-01, 5.369388e-02
1.146000e-01, 5.630219e-02
1.148000e-01, 5.885726e-02
1.150000e-01, 6.136125e-02
1.152000e-01, 6.381618e-02
1.154000e-01, 6.622397e-02
1.156000e-01, 6.858647e-02
1.158000e-01, 7.090539e-02
1.160000e-01, 7.318240e-02
1.162000e-01, 7.541906e-02
1.164000e-01, 7.761687e-02
1.166000e-01, 7.977726e-02
1.168000e-01, 8.190157e-02
1.170000e-01, 8.399111e-02
1.172000e-01, 8.604711e-02
1.174000e-01, 8.807074e-02
1.176000e-01, 9.006314e-02
1.178000e-01, 9.202537e-02
1.180000e-01, 9.395848e-02
1.182000e-01, 9.586344e-02
1.184000e-01, 9.774120e-02
1.186000e-01, 9.959265e-02
1.188000e-01, 1.014187e-01
1.190000e-01, 1.032201e-01
1.192000e-01, 1.049977e-01
1.194000e-01, 1.067522e-01
1.196000e-01, 1.084845e-01
1.198000e-01, 1.101951e-01
1.200000e-01, 1.118848e-01
1.202000e-01, 1.135542e-01
1.204000e-01, 1.152039e-01
1.206000e-01, 1.168346e-01
1.208000e-01, 1.184468e-01
1.210000e-01, 1.200411e-01
1.212000e-01, 1.216179e-01
1.214000e-01, 1.231779e-01
1.216000e-01, 1.247216e-01
1.218000e-01, 1.262493e-01
1.220000e-01, 1.277616e-01
1.222000e-01, 1.292590e-01
1.224000e-01, 1.307417e-01
1.226000e-01, 1.322104e-01
1.228000e-01, 1.336653e-01
1.230000e-01, 1.351069e-01
1.232000e-01, 1.365355e-01
1.234000e-01, 1.379515e-01
1.236000e-01, 1.393553e-01
1.238000e-01, 1.407471e-01
1.240000e-01, 1.421274e-01
1.242000e-01, 1.434964e-01
1.244000e-01, 1.448545e-01
1.246000e-01, 1.462019e-01
1.248000e-01, 1.475390e-01
1.250000e-01, 1.488660e-01
1.252000e-01, 1.501831e-01
1.254000e-01, 1.514908e-01
1.256000e-01, 1.527891e-01
1.258000e-01, 1.540785e-01
1.260000e-01, 1.553590e-01
1.262000e-01, 1.566310e-01
1.264000e-01, 1.578946e-01
1.266000e-01, 1.591501e-01
1.268000e-01, 1.603978e-01
1.270000e-01, 1.616378e-01
1.272000e-01, 1.628703e-01
1.274000e-01, 1.640955e-01
1.276000e-01, 1.653136e-01
1.278000e-01, 1.665249e-01
1.280000e-01, 1.677294e-01
1.282000e-01, 1.689274e-01
1.284000e-01, 1.701190e-01
1.286000e-01, 1.713045e-01
1.288000e-01, 1.724839e-01
1.290000e-01, 1.736574e-01
1.292000e-01, 1.748253e-01
1.294000e-01, 1.759876e-01
1.296000e-01, 1.771444e-01
1.298000e-01, 1.782961e-01
1.300000e-01, 1.794426e-01
1.302000e-01, 1.805841e-01
1.304000e-01, 1.817208e-01
1.306000e-01, 1.828528e-01
1.308000e-01, 1.839802e-01
1.310000e-01, 1.851031e-01
1.312000e-01, 1.862217e-01
1.314000e-01, 1.873361e-01
1.316000e-01, 1.884464e-01
1.318000e-01, 1.895528e-01
1.320000e-01, 1.906552e-01
1.322000e-01, 1.917540e-01
1.324000e-01, 1.928491e-01
1.326000e-01, 1.939406e-01
1.328000e-01, 1.950287e-01
1.330000e-01, 1.961135e-01
1.332000e-01, 1.971951e-01
1.334000e-01, 1.982735e-01
1.336000e-01, 1.993489e-01
1.338000e-01, 2.004214e-01
1.340000e-01, 2.014910e-01
1.342000e-01, 2.025579e-01
1.344000e-01, 2.036221e-01
1.346000e-01, 2.046837e-01
1.348000e-01, 2.057428e-01
1.350000e-01, 2.067996e-01
1.352000e-01, 2.078540e-01
1.354000e-01, 2.089061e-01
1.356000e-01, 2.099561e-01
1.358000e-01, 2.110041e-01
1.360000e-01, 2.120500e-01
1.362000e-01, 2.130940e-01
1.364000e-01, 2.141361e-01
1.366000e-01, 2.151765e-01
1.368000e-01, 2.162152e-01
1.370000e-01, 2.172522e-01
1.372000e-01, 2.182877e-01
1.374000e-01, 2.193217e-01
1.376000e-01, 2.203542e-01
1.378000e-01, 2.213855e-01
1.380000e-01, 2.224154e-01
1.382000e-01, 2.234441e-01
1.384000e-01, 2.244717e-01
1.386000e-01, 2.254981e-01
1.388000e-01, 2.265236e-01
1.390000e-01, 2.275480e-01
1.392000e-01, 2.285716e-01
1.394000e-01, 2.295944e-01
1.396000e-01, 2.306163e-01
1.398000e-01, 2.316376e-01
1.400000e-01, 2.326582e-01
1.402000e-01, 2.336782e-01
1.404000e-01, 2.346976e-01
1.406000e-01, 2.357166e-01
1.408000e-01, 2.367351e-01
1.410000e-01, 2.377533e-01
1.412000e-01, 2.387712e-01
1.414000e-01, 2.397888e-01
1.416000e-01, 2.408062e-01
1.418000e-01, 2.418234e-01
1.420000e-01, 2.428406e-01
1.422000e-01, 2.438577e-01
1.424000e-01, 2.448748e-01
1.426000e-01, 2.458920e-01
1.428000e-01, 2.469093e-01
1.430000e-01, 2.479268e-01
1.432000e-01, 2.489445e-01
1.434000e-01, 2.499625e-01
1.436000e-01, 2.509808e-01
1.438000e-01, 2.519995e-01
1.440000e-01, 2.530186e-01
1.442000e-01, 2.540382e-01
1.444000e-01, 2.550583e-01
1.446000e-01, 2.560790e-01
1.448000e-01, 2.571003e-01
1.450000e-01, 2.581223e-01
1.452000e-01, 2.591451e-01
1.454000e-01, 2.601686e-01
1.456000e-01, 2.611929e-01
1.458000e-01, 2.622181e-01
1.460000e-01, 2.632442e-01
1.462000e-01, 2.642713e-01
1.464000e-01, 2.652994e-01
1.466000e-01, 2.663286e-01
1.468000e-01, 2.673589e-01
1.470000e-01, 2.683903e-01
1.472000e-01, 2.694230e-01
1.474000e-01, 2.704570e-01
1.476000e-01, 2.714922e-01
1.478000e-01, 2.725288e-01
1.480000e-01, 2.735668e-01
1.482000e-01, 2.746063e-01
1.484000e-01, 2.756472e-01
1.486000e-01, 2.766897e-01
1.488000e-01, 2.777338e-01
1.490000e-01, 2.787796e-01
1.492000e-01, 2.798270e-01
1.494000e-01, 2.808762e-01
1.496000e-01, 2.819272e-01
1.498000e-01, 2.829800e-01
1.500000e-01, 2.840347e-01
1.502000e-01, 2.850914e-01
1.504000e-01, 2.861500e-01
1.506000e-01, 2.872107e-01
1.508000e-01, 2.882734e-01
1.510000e-01, 2.893383e-01
1.512000e-01, 2.904054e-01
1.514000e-01, 2.914747e-01
1.516000e-01, 2.925463e-01
1.518000e-01, 2.936202e-01
1.520000e-01, 2.946965e-01
1.522000e-01, 2.957752e-01
1.524000e-01, 2.968565e-01
1.526000e-01, 2.979402e-01
1.528000e-01, 2.990266e-01
1.530000e-01, 3.001156e-01
1.532000e-01, 3.012072e-01
1.534000e-01, 3.023017e-01
1.536000e-01, 3.033989e-01
1.538000e-01, 3.044989e-01
1.540000e-01, 3.056019e-01
1.542000e-01, 3.067078e-01
1.544000e-01, 3.078168e-01
1.546000e-01, 3.089288e-01
1.548000e-01, 3.100439e-01
1.550000e-01, 3.111622e-01
1.552000e-01, 3.122838e-01
1.554000e-01, 3.134086e-01
1.556000e-01, 3.145367e-01
1.558000e-01, 3.156683e-01
1.560000e-01, 3.168033e-01
1.562000e-01, 3.179419e-01
1.564000e-01, 3.190840e-01
1.566000e-01, 3.202297e-01
1.568000e-01, 3.213792e-01
1.570000e-01, 3.225324e-01
1.572000e-01, 3.236894e-01
1.574000e-01, 3.248502e-01
1.576000e-01, 3.260151e-01
1.578000e-01, 3.271839e-01
1.580000e-01, 3.283568e-01
1.582000e-01, 3.295338e-01
1.584000e-01, 3.307150e-01
1.586000e-01, 3.319004e-01
1.588000e-01, 3.330902e-01
1.590000e-01, 3.342843e-01
1.592000e-01, 3.354829e-01
1.594000e-01, 3.366861e-01
1.596000e-01, 3.378938e-01
1.598000e-01, 3.391062e-01
1.600000e-01, 3.403233e-01
1.602000e-01, 3.415452e-01
1.604000e-01, 3.427720e-01
1.606000e-01, 3.440037e-01
1.608000e-01, 3.452404e-01
1.610000e-01, 3.464823e-01
1.612000e-01, 3.477293e-01
1.614000e-01, 3.489815e-01
1.616000e-01, 3.502391e-01
1.618000e-01, 3.515020e-01
1.620000e-01, 3.527705e-01
1.622000e-01, 3.540445e-01
1.624000e-01, 3.553241e-01
1.626000e-01, 3.566095e-01
1.628000e-01, 3.579006e-01
1.630000e-01, 3.591977e-01
1.632000e-01, 3.605007e-01
1.634000e-01, 3.618098e-01
1.636000e-01, 3.631250e-01
1.638000e-01, 3.644465e-01
1.640000e-01, 3.657743e-01
1.642000e-01, 3.671085e-01
1.644000e-01, 3.684492e-01
1.646000e-01, 3.697966e-01
1.648000e-01, 3.711506e-01
1.650000e-01, 3.725114e-01
1.652000e-01, 3.738791e-01
1.654000e-01, 3.752539e-01
1.656000e-01, 3.766357e-01
1.658000e-01, 3.780247e-01
1.660000e-01, 3.794210e-01
1.662000e-01, 3.808248e-01
1.664000e-01, 3.822360e-01
1.666000e-01, 3.836549e-01
1.668000e-01, 3.850815e-01
1.670000e-01, 3.865160e-01
1.672000e-01, 3.879584e-01
1.674000e-01, 3.894089e-01
1.676000e-01, 3.908676e-01
1.678000e-01, 3.923346e-01
1.680000e-01, 3.938101e-01
1.682000e-01, 3.952941e-01
1.684000e-01, 3.967868e-01
1.686000e-01, 3.982884e-01
1.688000e-01, 3.997988e-01
1.690000e-01, 4.013184e-01
1.692000e-01, 4.028471e-01
1.694000e-01, 4.043853e-01
1.696000e-01, 4.059329e-01
1.698000e-01, 4.074901e-01
1.700000e-01, 4.090571e-01
1.702000e-01, 4.106340e-01
1.704000e-01, 4.122210e-01
1.706000e-01, 4.138182e-01
1.708000e-01, 4.154258e-01
1.710000e-01, 4.170439e-01
1.712000e-01, 4.186727e-01
1.714000e-01, 4.203124e-01
1.716000e-01, 4.219631e-01
1.718000e-01, 4.236249e-01
1.720000e-01, 4.252981e-01
1.722000e-01, 4.269829e-01
1.724000e-01, 4.286793e-01
1.726000e-01, 4.303877e-01
1.728000e-01, 4.321081e-01
1.730000e-01, 4.338408e-01
1.732000e-01, 4.355859e-01
1.734000e-01, 4.373437e-01
1.736000e-01, 4.391144e-01
1.738000e-01, 4.408981e-01
1.740000e-01, 4.426950e-01
1.742000e-01, 4.445054e-01
1.744000e-01, 4.463295e-01
1.746000e-01, 4.481675e-01
1.748000e-01, 4.500197e-01
1.750000e-01, 4.518862e-01
1.752000e-01, 4.537672e-01
1.754000e-01, 4.556632e-01
1.756000e-01, 4.575741e-01
1.758000e-01, 4.595004e-01
1.760000e-01, 4.614423e-01
1.762000e-01, 4.634000e-01
1.764000e-01, 4.653737e-01
1.766000e-01, 4.673639e-01
1.768000e-01, 4.693706e-01
1.770000e-01, 4.713943e-01
1.772000e-01, 4.734352e-01
1.774000e-01, 4.754935e-01
1.776000e-01, 4.775697e-01
1.778000e-01, 4.796639e-01
1.780000e-01, 4.817766e-01
1.782000e-01, 4.839079e-01
1.784000e-01, 4.860584e-01
1.786000e-01, 4.882282e-01
1.788000e-01, 4.904177e-01
1.790000e-01, 4.926273e-01
1.792000e-01, 4.948573e-01
1.794000e-01, 4.971081e-01
1.796000e-01, 4.993801e-01
1.798000e-01, 5.016736e-01
1.800000e-01, 5.039891e-01
1.802000e-01, 5.063269e-01
1.804000e-01, 5.086874e-01
1.806000e-01, 5.110711e-01
1.808000e-01, 5.134784e-01
1.810000e-01, 5.159097e-01
1.812000e-01, 5.183654e-01
1.814000e-01, 5.208462e-01
1.816000e-01, 5.233523e-01
1.818000e-01, 5.258843e-01
1.820000e-01, 5.284427e-01
1.822000e-01, 5.310280e-01
1.824000e-01, 5.336408e-01
1.826000e-01, 5.362814e-01
1.828000e-01, 5.389506e-01
1.830000e-01, 5.416488e-01
1.832000e-01, 5.443767e-01
1.834000e-01, 5.471348e-01
1.836000e-01, 5.499237e-01
1.838000e-01, 5.527441e-01
1.840000e-01, 5.555965e-01
1.842000e-01, 5.584817e-01
1.844000e-01, 5.614004e-01
1.846000e-01, 5.643531e-01
1.848000e-01, 5.673407e-01
1.850000e-01, 5.703638e-01
1.852000e-01, 5.734232e-01
1.854000e-01, 5.765197e-01
1.856000e-01, 5.796541e-01
1.858000e-01, 5.828272e-01
1.860000e-01, 5.860397e-01
1.862000e-01, 5.892927e-01
1.864000e-01, 5.925870e-01
1.866000e-01, 5.959234e-01
1.868000e-01, 5.993030e-01
1.870000e-01, 6.027266e-01
1.872000e-01, 6.061954e-01
1.874000e-01, 6.097103e-01
1.876000e-01, 6.132724e-01
1.878000e-01, 6.168827e-01
1.880000e-01, 6.205425e-01
1.882000e-01, 6.242528e-01
1.884000e-01, 6.280149e-01
1.886000e-01, 6.318299e-01
1.888000e-01, 6.356992e-01
1.890000e-01, 6.396241e-01
1.892000e-01, 6.436060e-01
1.894000e-01, 6.476461e-01
1.896000e-01, 6.517460e-01
1.898000e-01, 6.559072e-01
1.900000e-01, 6.601312e-01
1.902000e-01, 6.644197e-01
1.904000e-01, 6.687741e-01
1.906000e-01, 6.731964e-01
1.908000e-01, 6.776882e-01
1.910000e-01, 6.822513e-01
1.912000e-01, 6.868877e-01
1.914000e-01, 6.915992e-01
1.916000e-01, 6.963881e-01
1.918000e-01, 7.012562e-01
1.920000e-01, 7.062059e-01
1.922000e-01, 7.112393e-01
1.924000e-01, 7.163588e-01
1.926000e-01, 7.215669e-01
1.928000e-01, 7.268660e-01
1.930000e-01, 7.322588e-01
1.932000e-01, 7.377480e-01
1.934000e-01, 7.433364e-01
1.936000e-01, 7.490270e-01
1.938000e-01, 7.548227e-01
1.940000e-01, 7.607269e-01
1.942000e-01, 7.667427e-01
1.944000e-01, 7.728736e-01
1.946000e-01, 7.791233e-01
1.948000e-01, 7.854953e-01
1.950000e-01, 7.919936e-01
1.952000e-01, 7.986224e-01
1.954000e-01, 8.053857e-01
1.956000e-01, 8.122880e-01
1.958000e-01, 8.193339e-01
1.960000e-01, 8.265282e-01
1.962000e-01, 8.338759e-01
1.964000e-01, 8.413824e-01
1.966000e-01, 8.490530e-01
1.968000e-01, 8.568936e-01
1.970000e-01, 8.649102e-01
1.972000e-01, 8.731091e-01
1.974000e-01, 8.814969e-01
1.976000e-01, 8.900805e-01
1.978000e-01, 8.988673e-01
1.980000e-01, 9.078649e-01
1.982000e-01, 9.170814e-01
1.984000e-01, 9.265251e-01
1.986000e-01, 9.362051e-01
1.988000e-01, 9.461306e-01
1.990000e-01, 9.563116e-01
1.992000e-01, 9.667584e-01
1.994000e-01, 9.774821e-01
1.996000e-01, 9.884941e-01
1.998000e-01, 9.998069e-01
2.000000e-01, 1.011433e+00
2.002000e-01, 1.023387e+00
2.004000e-01, 1.035682e+00
2.006000e-01, 1.048335e+00
2.008000e-01, 1.061361e+00
2.010000e-01, 1.074778e+00
2.012000e-01, 1.088605e+00
2.014000e-01, 1.102860e+00
2.016000e-01, 1.117565e+00
2.018000e-01, 1.132742e+00
2.020000e-01, 1.148415e+00
2.022000e-01, 1.164608e+00
2.024000e-01, 1.181350e+00
2.026000e-01, 1.198669e+00
2.028000e-01, 1.216596e+00
2.030000e-01, 1.235165e+00
2.032000e-01, 1.254411e+00
2.034000e-01, 1.274373e+00
2.036000e-01, 1.295093e+00
2.038000e-01, 1.316616e+00
2.040000e-01, 1.338989e+00
2.042000e-01, 1.362265e+00
2.044000e-01, 1.386501e+00
2.046000e-01, 1.411760e+00
2.048000e-01, 1.438107e+00
2.050000e-01, 1.465616e+00
2.052000e-01, 1.494367e+00
2.054000e-01, 1.524447e+00
2.056000e-01, 1.555951e+00
2.058000e-01, 1.588985e+00
2.060000e-01, 1.623664e+00
2.062000e-01, 1.660116e+00
2.064000e-01, 1.698482e+00
2.066000e-01, 1.738918e+00
2.068000e-01, 1.781599e+00
2.070000e-01, 1.826717e+00
2.072000e-01, 1.874491e+00
2.074000e-01, 1.925164e+00
2.076000e-01, 1.979010e+00
2.078000e-01, 2.036340e+00
2.080000e-01, 2.097505e+00
2.082000e-01, 2.162906e+00
2.084000e-01, 2.233002e+00
2.086000e-01, 2.308321e+00
2.088000e-01, 2.389471e+00
2.090000e-01, 2.477162e+00
2.092000e-01, 2.572222e+00
2.094000e-01, 2.675623e+00
2.096000e-01, 2.788519e+00
2.098000e-01, 2.912287e+00
2.100000e-01, 3.048582e+00
