2.087368e+02 1.031724e-08
2.083611e+02 2.037662e-08
2.079853e+02 3.045976e-08
2.076096e+02 4.057843e-08
2.072339e+02 5.074439e-08
2.068582e+02 6.096951e-08
2.064824e+02 7.126567e-08
2.061067e+02 8.164486e-08
2.057310e+02 9.211915e-08
2.053553e+02 1.027007e-07
2.049795e+02 1.134019e-07
2.046038e+02 1.242351e-07
2.042281e+02 1.352128e-07
2.038524e+02 1.463479e-07
2.034766e+02 1.576533e-07
2.031009e+02 1.691420e-07
2.027252e+02 1.808275e-07
2.023495e+02 1.927231e-07
2.019737e+02 2.048428e-07
2.015980e+02 2.172006e-07
2.012223e+02 2.298107e-07
2.008466e+02 2.426878e-07
2.004708e+02 2.558467e-07
2.000951e+02 2.693027e-07
1.997194e+02 2.830714e-07
1.993437e+02 2.971686e-07
1.989679e+02 3.116106e-07
1.985922e+02 3.264142e-07
1.982165e+02 3.415963e-07
1.978408e+02 3.571746e-07
1.974650e+02 3.731669e-07
1.970893e+02 3.895918e-07
1.967136e+02 4.064682e-07
1.963379e+02 4.238154e-07
1.959621e+02 4.416536e-07
1.955864e+02 4.600033e-07
1.952107e+02 4.788855e-07
1.948350e+02 4.983221e-07
1.944592e+02 5.183353e-07
1.940835e+02 5.389483e-07
1.937078e+02 5.601846e-07
1.933321e+02 5.820688e-07
1.929563e+02 6.046259e-07
1.925806e+02 6.278819e-07
1.922049e+02 6.518636e-07
1.918292e+02 6.765983e-07
1.914534e+02 7.021146e-07
1.910777e+02 7.284416e-07
1.907020e+02 7.556097e-07
1.903263e+02 7.836499e-07
1.899505e+02 8.125944e-07
1.895748e+02 8.424764e-07
1.891991e+02 8.733301e-07
1.888234e+02 9.051909e-07
1.884476e+02 9.380952e-07
1.880719e+02 9.720806e-07
1.876962e+02 1.007186e-06
1.873205e+02 1.043452e-06
1.869448e+02 1.080920e-06
1.865690e+02 1.119632e-06
1.861933e+02 1.159632e-06
1.858176e+02 1.200968e-06
1.854419e+02 1.243685e-06
1.850661e+02 1.287833e-06
1.846904e+02 1.333461e-06
1.843147e+02 1.380623e-06
1.839390e+02 1.429371e-06
1.835632e+02 1.479762e-06
1.831875e+02 1.531852e-06
1.828118e+02 1.585702e-06
1.824361e+02 1.641372e-06
1.820603e+02 1.698926e-06
1.816846e+02 1.758430e-06
1.813089e+02 1.819951e-06
1.809332e+02 1.883559e-06
1.805574e+02 1.949327e-06
1.801817e+02 2.017330e-06
1.798060e+02 2.087644e-06
1.794303e+02 2.160350e-06
1.790545e+02 2.235530e-06
1.786788e+02 2.313270e-06
1.783031e+02 2.393658e-06
1.779274e+02 2.476785e-06
1.775516e+02 2.562745e-06
1.771759e+02 2.651637e-06
1.768002e+02 2.743561e-06
1.764245e+02 2.838621e-06
1.760487e+02 2.936924e-06
1.756730e+02 3.038583e-06
1.752973e+02 3.143712e-06
1.749216e+02 3.252431e-06
1.745458e+02 3.364862e-06
1.741701e+02 3.481133e-06
1.737944e+02 3.601374e-06
1.734187e+02 3.725724e-06
1.730429e+02 3.854320e-06
1.726672e+02 3.987310e-06
1.722915e+02 4.124843e-06
1.719158e+02 4.267074e-06
1.715400e+02 4.414165e-06
1.711643e+02 4.566280e-06
1.707886e+02 4.723593e-06
1.704129e+02 4.886279e-06
1.700371e+02 5.054522e-06
1.696614e+02 5.228513e-06
1.692857e+02 5.408446e-06
1.689100e+02 5.594525e-06
1.685342e+02 5.786959e-06
1.681585e+02 5.985965e-06
1.677828e+02 6.191766e-06
1.674071e+02 6.404594e-06
1.670313e+02 6.624687e-06
1.666556e+02 6.852294e-06
1.662799e+02 7.087670e-06
1.659042e+02 7.331079e-06
1.655284e+02 7.582794e-06
1.651527e+02 7.843098e-06
1.647770e+02 8.112283e-06
1.644013e+02 8.390650e-06
1.640255e+02 8.678512e-06
1.636498e+02 8.976190e-06
1.632741e+02 9.284019e-06
1.628984e+02 9.602342e-06
1.625226e+02 9.931516e-06
1.621469e+02 1.027191e-05
1.617712e+02 1.062390e-05
1.613955e+02 1.098789e-05
1.610197e+02 1.136427e-05
1.606440e+02 1.175348e-05
1.602683e+02 1.215594e-05
1.598926e+02 1.257210e-05
1.595168e+02 1.300243e-05
1.591411e+02 1.344741e-05
1.587654e+02 1.390753e-05
1.583897e+02 1.438330e-05
1.580139e+02 1.487526e-05
1.576382e+02 1.538396e-05
1.572625e+02 1.590995e-05
1.568868e+02 1.645383e-05
1.565110e+02 1.701619e-05
1.561353e+02 1.759767e-05
1.557596e+02 1.819891e-05
1.553839e+02 1.882057e-05
1.550081e+02 1.946336e-05
1.546324e+02 2.012797e-05
1.542567e+02 2.081514e-05
1.538810e+02 2.152565e-05
1.535052e+02 2.226027e-05
1.531295e+02 2.301981e-05
1.527538e+02 2.380513e-05
1.523781e+02 2.461709e-05
1.520023e+02 2.545658e-05
1.516266e+02 2.632453e-05
1.512509e+02 2.722191e-05
1.508752e+02 2.814969e-05
1.504994e+02 2.910892e-05
1.501237e+02 3.010064e-05
1.497480e+02 3.112595e-05
1.493723e+02 3.218598e-05
1.489965e+02 3.328190e-05
1.486208e+02 3.441490e-05
1.482451e+02 3.558625e-05
1.478694e+02 3.679723e-05
1.474937e+02 3.804917e-05
1.471179e+02 3.934345e-05
1.467422e+02 4.068148e-05
1.463665e+02 4.206474e-05
1.459908e+02 4.349474e-05
1.456150e+02 4.497306e-05
1.452393e+02 4.650131e-05
1.448636e+02 4.808117e-05
1.444879e+02 4.971437e-05
1.441121e+02 5.140270e-05
1.437364e+02 5.314799e-05
1.433607e+02 5.495217e-05
1.429850e+02 5.681721e-05
1.426092e+02 5.874513e-05
1.422335e+02 6.073805e-05
1.418578e+02 6.279813e-05
1.414821e+02 6.492764e-05
1.411063e+02 6.712888e-05
1.407306e+02 6.940425e-05
1.403549e+02 7.175624e-05
1.399792e+02 7.418740e-05
1.396034e+02 7.670037e-05
1.392277e+02 7.929789e-05
1.388520e+02 8.198278e-05
1.384763e+02 8.475796e-05
1.381005e+02 8.762643e-05
1.377248e+02 9.059130e-05
1.373491e+02 9.365580e-05
1.369734e+02 9.682323e-05
1.365976e+02 1.000970e-04
1.362219e+02 1.034807e-04
1.358462e+02 1.069780e-04
1.354705e+02 1.105927e-04
1.350947e+02 1.143285e-04
1.347190e+02 1.181897e-04
1.343433e+02 1.221803e-04
1.339676e+02 1.263047e-04
1.335918e+02 1.305673e-04
1.332161e+02 1.349726e-04
1.328404e+02 1.395255e-04
1.324647e+02 1.442308e-04
1.320889e+02 1.490936e-04
1.317132e+02 1.541191e-04
1.313375e+02 1.593127e-04
1.309618e+02 1.646799e-04
1.305860e+02 1.702266e-04
1.302103e+02 1.759586e-04
1.298346e+02 1.818821e-04
1.294589e+02 1.880035e-04
1.290831e+02 1.943293e-04
1.287074e+02 2.008661e-04
1.283317e+02 2.076211e-04
1.279560e+02 2.146015e-04
1.275802e+02 2.218146e-04
1.272045e+02 2.292682e-04
1.268288e+02 2.369701e-04
1.264531e+02 2.449286e-04
1.260773e+02 2.531522e-04
1.257016e+02 2.616496e-04
1.253259e+02 2.704298e-04
1.249502e+02 2.795021e-04
1.245744e+02 2.888761e-04
1.241987e+02 2.985619e-04
1.238230e+02 3.085695e-04
1.234473e+02 3.189097e-04
1.230715e+02 3.295933e-04
1.226958e+02 3.406316e-04
1.223201e+02 3.520364e-04
1.219444e+02 3.638195e-04
1.215686e+02 3.759935e-04
1.211929e+02 3.885711e-04
1.208172e+02 4.015656e-04
1.204415e+02 4.149906e-04
1.200657e+02 4.288603e-04
1.196900e+02 4.431892e-04
1.193143e+02 4.579923e-04
1.189386e+02 4.732852e-04
1.185628e+02 4.890838e-04
1.181871e+02 5.054047e-04
1.178114e+02 5.222650e-04
1.174357e+02 5.396823e-04
1.170599e+02 5.576747e-04
1.166842e+02 5.762611e-04
1.163085e+02 5.954607e-04
1.159328e+02 6.152935e-04
1.155570e+02 6.357803e-04
1.151813e+02 6.569422e-04
1.148056e+02 6.788013e-04
1.144299e+02 7.013802e-04
1.140541e+02 7.247023e-04
1.136784e+02 7.487918e-04
1.133027e+02 7.736736e-04
1.129270e+02 7.993735e-04
1.125512e+02 8.259178e-04
1.121755e+02 8.533341e-04
1.117998e+02 8.816506e-04
1.114241e+02 9.108965e-04
1.110483e+02 9.411018e-04
1.106726e+02 9.722975e-04
1.102969e+02 1.004516e-03
1.099212e+02 1.037790e-03
1.095455e+02 1.072153e-03
1.091697e+02 1.107641e-03
1.087940e+02 1.144291e-03
1.084183e+02 1.182139e-03
1.080426e+02 1.221224e-03
1.076668e+02 1.261586e-03
1.072911e+02 1.303266e-03
1.069154e+02 1.346307e-03
1.065397e+02 1.390752e-03
1.061639e+02 1.436646e-03
1.057882e+02 1.484036e-03
1.054125e+02 1.532970e-03
1.050368e+02 1.583498e-03
1.046610e+02 1.635670e-03
1.042853e+02 1.689539e-03
1.039096e+02 1.745160e-03
1.035339e+02 1.802588e-03
1.031581e+02 1.861882e-03
1.027824e+02 1.923100e-03
1.024067e+02 1.986305e-03
1.020310e+02 2.051559e-03
1.016552e+02 2.118929e-03
1.012795e+02 2.188480e-03
1.009038e+02 2.260284e-03
1.005281e+02 2.334411e-03
1.001523e+02 2.410936e-03
9.977661e+01 2.489933e-03
9.940088e+01 2.571483e-03
9.902516e+01 2.655666e-03
9.864943e+01 2.742566e-03
9.827371e+01 2.832268e-03
9.789798e+01 2.924860e-03
9.752226e+01 3.020436e-03
9.714653e+01 3.119088e-03
9.677081e+01 3.220915e-03
9.639508e+01 3.326015e-03
9.601936e+01 3.434493e-03
9.564363e+01 3.546454e-03
9.526791e+01 3.662009e-03
9.489218e+01 3.781270e-03
9.451646e+01 3.904354e-03
9.414074e+01 4.031380e-03
9.376501e+01 4.162473e-03
9.338929e+01 4.297760e-03
9.301356e+01 4.437373e-03
9.263784e+01 4.581445e-03
9.226211e+01 4.730118e-03
9.188639e+01 4.883534e-03
9.151066e+01 5.041842e-03
9.113494e+01 5.205194e-03
9.075921e+01 5.373747e-03
9.038349e+01 5.547663e-03
9.000776e+01 5.727108e-03
8.963204e+01 5.912255e-03
8.925631e+01 6.103280e-03
8.888059e+01 6.300366e-03
8.850486e+01 6.503699e-03
8.812914e+01 6.713474e-03
8.775341e+01 6.929889e-03
8.737769e+01 7.153149e-03
8.700196e+01 7.383466e-03
8.662624e+01 7.621056e-03
8.625052e+01 7.866143e-03
8.587479e+01 8.118958e-03
8.549907e+01 8.379738e-03
8.512334e+01 8.648728e-03
8.474762e+01 8.926177e-03
8.437189e+01 9.212347e-03
8.399617e+01 9.507502e-03
8.362044e+01 9.811918e-03
8.324472e+01 1.012588e-02
8.286899e+01 1.044967e-02
8.249327e+01 1.078359e-02
8.211754e+01 1.112795e-02
8.174182e+01 1.148307e-02
8.136609e+01 1.184927e-02
8.099037e+01 1.222689e-02
8.061464e+01 1.261627e-02
8.023892e+01 1.301777e-02
7.986319e+01 1.343176e-02
7.948747e+01 1.385860e-02
7.911174e+01 1.429868e-02
7.873602e+01 1.475241e-02
7.836030e+01 1.522019e-02
7.798457e+01 1.570244e-02
7.760885e+01 1.619959e-02
7.723312e+01 1.671210e-02
7.685740e+01 1.724041e-02
7.648167e+01 1.778499e-02
7.610595e+01 1.834634e-02
7.573022e+01 1.892494e-02
7.535450e+01 1.952130e-02
7.497877e+01 2.013596e-02
7.460305e+01 2.076946e-02
7.422732e+01 2.142234e-02
7.385160e+01 2.209517e-02
7.347587e+01 2.278855e-02
7.310015e+01 2.350307e-02
7.272442e+01 2.423936e-02
7.234870e+01 2.499804e-02
7.197297e+01 2.577978e-02
7.159725e+01 2.658524e-02
7.122152e+01 2.741511e-02
7.084580e+01 2.827009e-02
7.047008e+01 2.915092e-02
7.009435e+01 3.005834e-02
6.971863e+01 3.099312e-02
6.934290e+01 3.195604e-02
6.896718e+01 3.294791e-02
6.859145e+01 3.396955e-02
6.821573e+01 3.502183e-02
6.784000e+01 3.610560e-02
6.746428e+01 3.722177e-02
6.708855e+01 3.837126e-02
6.671283e+01 3.955501e-02
6.633710e+01 4.077397e-02
6.596138e+01 4.202916e-02
6.558565e+01 4.332158e-02
6.520993e+01 4.465228e-02
6.483420e+01 4.602232e-02
6.445848e+01 4.743281e-02
6.408275e+01 4.888486e-02
6.370703e+01 5.037964e-02
6.333130e+01 5.191831e-02
6.295558e+01 5.350210e-02
6.257986e+01 5.513223e-02
6.220413e+01 5.680998e-02
6.182841e+01 5.853666e-02
6.145268e+01 6.031359e-02
6.107696e+01 6.214213e-02
6.070123e+01 6.402369e-02
6.032551e+01 6.595969e-02
5.994978e+01 6.795160e-02
5.957406e+01 7.000091e-02
5.919833e+01 7.210916e-02
5.882261e+01 7.427791e-02
5.844688e+01 7.650876e-02
5.807116e+01 7.880336e-02
5.769543e+01 8.116338e-02
5.731971e+01 8.359053e-02
5.694398e+01 8.608657e-02
5.656826e+01 8.865328e-02
5.619253e+01 9.129249e-02
5.581681e+01 9.400606e-02
5.544108e+01 9.679591e-02
5.506536e+01 9.966397e-02
5.468964e+01 1.026122e-01
5.431391e+01 1.056427e-01
5.393819e+01 1.087575e-01
5.356246e+01 1.119587e-01
5.318674e+01 1.152485e-01
5.281101e+01 1.186290e-01
5.243529e+01 1.221024e-01
5.205956e+01 1.256712e-01
5.168384e+01 1.293374e-01
5.130811e+01 1.331037e-01
5.093239e+01 1.369722e-01
5.055666e+01 1.409455e-01
5.018094e+01 1.450260e-01
4.980521e+01 1.492163e-01
4.942949e+01 1.535190e-01
4.905376e+01 1.579366e-01
4.867804e+01 1.624718e-01
4.830231e+01 1.671272e-01
4.792659e+01 1.719057e-01
4.755087e+01 1.768099e-01
4.717514e+01 1.818426e-01
4.679942e+01 1.870068e-01
4.642369e+01 1.923052e-01
4.604797e+01 1.977407e-01
4.567224e+01 2.033164e-01
4.529652e+01 2.090351e-01
4.492079e+01 2.148999e-01
4.454507e+01 2.209138e-01
4.416934e+01 2.270799e-01
4.379362e+01 2.334011e-01
4.341789e+01 2.398807e-01
4.304217e+01 2.465216e-01
4.266644e+01 2.533271e-01
4.229072e+01 2.603003e-01
4.191499e+01 2.674444e-01
4.153927e+01 2.747624e-01
4.116354e+01 2.822576e-01
4.078782e+01 2.899330e-01
4.041209e+01 2.977919e-01
4.003637e+01 3.058374e-01
3.966065e+01 3.140726e-01
3.928492e+01 3.225007e-01
3.890920e+01 3.311245e-01
3.853347e+01 3.399473e-01
3.815775e+01 3.489720e-01
3.778202e+01 3.582015e-01
3.740630e+01 3.676388e-01
3.703057e+01 3.772866e-01
3.665485e+01 3.871477e-01
3.627912e+01 3.972249e-01
3.590340e+01 4.075206e-01
3.552767e+01 4.180374e-01
3.515195e+01 4.287777e-01
3.477622e+01 4.397436e-01
3.440050e+01 4.509373e-01
3.402477e+01 4.623608e-01
3.364905e+01 4.740159e-01
3.327332e+01 4.859042e-01
3.289760e+01 4.980272e-01
3.252187e+01 5.103860e-01
3.214615e+01 5.229817e-01
3.177043e+01 5.358150e-01
3.139470e+01 5.488865e-01
3.101898e+01 5.621963e-01
3.064325e+01 5.757443e-01
3.026753e+01 5.895302e-01
2.989180e+01 6.035532e-01
2.951608e+01 6.178121e-01
2.914035e+01 6.323054e-01
2.876463e+01 6.470311e-01
2.838890e+01 6.619868e-01
2.801318e+01 6.771695e-01
2.763745e+01 6.925758e-01
2.726173e+01 7.082017e-01
2.688600e+01 7.240426e-01
2.651028e+01 7.400933e-01
2.613455e+01 7.563478e-01
2.575883e+01 7.727995e-01
2.538310e+01 7.894411e-01
2.500738e+01 8.062643e-01
2.463165e+01 8.232602e-01
2.425593e+01 8.404187e-01
2.388021e+01 8.577290e-01
2.350448e+01 8.751791e-01
2.312876e+01 8.927560e-01
2.275303e+01 9.104456e-01
2.237731e+01 9.282326e-01
2.200158e+01 9.461002e-01
2.162586e+01 9.640305e-01
2.125013e+01 9.820040e-01
2.087441e+01 1.000000e+00
