4.210000e-01, -7.580656e-03
4.210010e-01, -7.566585e-03
4.210020e-01, -7.552513e-03
4.210030e-01, -7.538443e-03
4.210040e-01, -7.524372e-03
4.210050e-01, -7.510303e-03
4.210060e-01, -7.496233e-03
4.210070e-01, -7.482164e-03
4.210080e-01, -7.468095e-03
4.210090e-01, -7.454027e-03
4.210100e-01, -7.439960e-03
4.210110e-01, -7.425892e-03
4.210120e-01, -7.411826e-03
4.210130e-01, -7.397759e-03
4.210140e-01, -7.383693e-03
4.210150e-01, -7.369628e-03
4.210160e-01, -7.355563e-03
4.210170e-01, -7.341498e-03
4.210180e-01, -7.327434e-03
4.210190e-01, -7.313370e-03
4.210200e-01, -7.299307e-03
4.210210e-01, -7.285244e-03
4.210220e-01, -7.271181e-03
4.210230e-01, -7.257119e-03
4.210240e-01, -7.243057e-03
4.210250e-01, -7.228996e-03
4.210260e-01, -7.214935e-03
4.210270e-01, -7.200875e-03
4.210280e-01, -7.186815e-03
4.210290e-01, -7.172756e-03
4.210300e-01, -7.158697e-03
4.210310e-01, -7.144638e-03
4.210320e-01, -7.130580e-03
4.210330e-01, -7.116522e-03
4.210340e-01, -7.102465e-03
4.210350e-01, -7.088408e-03
4.210360e-01, -7.074352e-03
4.210370e-01, -7.060296e-03
4.210380e-01, -7.046240e-03
4.210390e-01, -7.032185e-03
4.210400e-01, -7.018130e-03
4.210410e-01, -7.004076e-03
4.210420e-01, -6.990022e-03
4.210430e-01, -6.975969e-03
4.210440e-01, -6.961916e-03
4.210450e-01, -6.947864e-03
4.210460e-01, -6.933811e-03
4.210470e-01, -6.919760e-03
4.210480e-01, -6.905709e-03
4.210490e-01, -6.891658e-03
4.210500e-01, -6.877608e-03
4.210510e-01, -6.863558e-03
4.210520e-01, -6.849508e-03
4.210530e-01, -6.835459e-03
4.210540e-01, -6.821410e-03
4.210550e-01, -6.807362e-03
4.210560e-01, -6.793315e-03
4.210570e-01, -6.779267e-03
4.210580e-01, -6.765220e-03
4.210590e-01, -6.751174e-03
4.210600e-01, -6.737128e-03
4.210610e-01, -6.723082e-03
4.210620e-01, -6.709037e-03
4.210630e-01, -6.694992e-03
4.210640e-01, -6.680948e-03
4.210650e-01, -6.666904e-03
4.210660e-01, -6.652861e-03
4.210670e-01, -6.638818e-03
4.210680e-01, -6.624775e-03
4.210690e-01, -6.610733e-03
4.210700e-01, -6.596692e-03
4.210710e-01, -6.582650e-03
4.210720e-01, -6.568610e-03
4.210730e-01, -6.554569e-03
4.210740e-01, -6.540529e-03
4.210750e-01, -6.526490e-03
4.210760e-01, -6.512451e-03
4.210770e-01, -6.498412e-03
4.210780e-01, -6.484374e-03
4.210790e-01, -6.470336e-03
4.210800e-01, -6.456299e-03
4.210810e-01, -6.442262e-03
4.210820e-01, -6.428225e-03
4.210830e-01, -6.414189e-03
4.210840e-01, -6.400154e-03
4.210850e-01, -6.386118e-03
4.210860e-01, -6.372084e-03
4.210870e-01, -6.358049e-03
4.210880e-01, -6.344015e-03
4.210890e-01, -6.329982e-03
4.210900e-01, -6.315949e-03
4.210910e-01, -6.301916e-03
4.210920e-01, -6.287884e-03
4.210930e-01, -6.273852e-03
4.210940e-01, -6.259821e-03
4.210950e-01, -6.245790e-03
4.210960e-01, -6.231760e-03
4.210970e-01, -6.217730e-03
4.210980e-01, -6.203700e-03
4.210990e-01, -6.189671e-03
4.211000e-01, -6.175643e-03
4.211010e-01, -6.161614e-03
4.211020e-01, -6.147586e-03
4.211030e-01, -6.133559e-03
4.211040e-01, -6.119532e-03
4.211050e-01, -6.105506e-03
4.211060e-01, -6.091479e-03
4.211070e-01, -6.077454e-03
4.211080e-01, -6.063428e-03
4.211090e-01, -6.049404e-03
4.211100e-01, -6.035379e-03
4.211110e-01, -6.021355e-03
4.211120e-01, -6.007332e-03
4.211130e-01, -5.993309e-03
4.211140e-01, -5.979286e-03
4.211150e-01, -5.965264e-03
4.211160e-01, -5.951242e-03
4.211170e-01, -5.937221e-03
4.211180e-01, -5.923200e-03
4.211190e-01, -5.909179e-03
4.211200e-01, -5.895159e-03
4.211210e-01, -5.881140e-03
4.211220e-01, -5.867120e-03
4.211230e-01, -5.853102e-03
4.211240e-01, -5.839083e-03
4.211250e-01, -5.825066e-03
4.211260e-01, -5.811048e-03
4.211270e-01, -5.797031e-03
4.211280e-01, -5.783014e-03
4.211290e-01, -5.768998e-03
4.211300e-01, -5.754982e-03
4.211310e-01, -5.740967e-03
4.211320e-01, -5.726952e-03
4.211330e-01, -5.712938e-03
4.211340e-01, -5.698924e-03
4.211350e-01, -5.684910e-03
4.211360e-01, -5.670897e-03
4.211370e-01, -5.656884e-03
4.211380e-01, -5.642872e-03
4.211390e-01, -5.628860e-03
4.211400e-01, -5.614849e-03
4.211410e-01, -5.600838e-03
4.211420e-01, -5.586827e-03
4.211430e-01, -5.572817e-03
4.211440e-01, -5.558807e-03
4.211450e-01, -5.544798e-03
4.211460e-01, -5.530789e-03
4.211470e-01, -5.516781e-03
4.211480e-01, -5.502773e-03
4.211490e-01, -5.488765e-03
4.211500e-01, -5.474758e-03
4.211510e-01, -5.460752e-03
4.211520e-01, -5.446745e-03
4.211530e-01, -5.432740e-03
4.211540e-01, -5.418734e-03
4.211550e-01, -5.404729e-03
4.211560e-01, -5.390725e-03
4.211570e-01, -5.376721e-03
4.211580e-01, -5.362717e-03
4.211590e-01, -5.348714e-03
4.211600e-01, -5.334711e-03
4.211610e-01, -5.320709e-03
4.211620e-01, -5.306707e-03
4.211630e-01, -5.292705e-03
4.211640e-01, -5.278704e-03
4.211650e-01, -5.264703e-03
4.211660e-01, -5.250703e-03
4.211670e-01, -5.236703e-03
4.211680e-01, -5.222704e-03
4.211690e-01, -5.208705e-03
4.211700e-01, -5.194707e-03
4.211710e-01, -5.180709e-03
4.211720e-01, -5.166711e-03
4.211730e-01, -5.152714e-03
4.211740e-01, -5.138717e-03
4.211750e-01, -5.124721e-03
4.211760e-01, -5.110725e-03
4.211770e-01, -5.096729e-03
4.211780e-01, -5.082734e-03
4.211790e-01, -5.068740e-03
4.211800e-01, -5.054745e-03
4.211810e-01, -5.040752e-03
4.211820e-01, -5.026758e-03
4.211830e-01, -5.012765e-03
4.211840e-01, -4.998773e-03
4.211850e-01, -4.984781e-03
4.211860e-01, -4.970789e-03
4.211870e-01, -4.956798e-03
4.211880e-01, -4.942807e-03
4.211890e-01, -4.928817e-03
4.211900e-01, -4.914827e-03
4.211910e-01, -4.900838e-03
4.211920e-01, -4.886849e-03
4.211930e-01, -4.872860e-03
4.211940e-01, -4.858872e-03
4.211950e-01, -4.844884e-03
4.211960e-01, -4.830897e-03
4.211970e-01, -4.816910e-03
4.211980e-01, -4.802924e-03
4.211990e-01, -4.788938e-03
4.212000e-01, -4.774952e-03
4.212010e-01, -4.760967e-03
4.212020e-01, -4.746982e-03
4.212030e-01, -4.732998e-03
4.212040e-01, -4.719014e-03
4.212050e-01, -4.705031e-03
4.212060e-01, -4.691048e-03
4.212070e-01, -4.677065e-03
4.212080e-01, -4.663083e-03
4.212090e-01, -4.649101e-03
4.212100e-01, -4.635120e-03
4.212110e-01, -4.621139e-03
4.212120e-01, -4.607159e-03
4.212130e-01, -4.593179e-03
4.212140e-01, -4.579199e-03
4.212150e-01, -4.565220e-03
4.212160e-01, -4.551241e-03
4.212170e-01, -4.537263e-03
4.212180e-01, -4.523285e-03
4.212190e-01, -4.509308e-03
4.212200e-01, -4.495331e-03
4.212210e-01, -4.481354e-03
4.212220e-01, -4.467378e-03
4.212230e-01, -4.453402e-03
4.212240e-01, -4.439427e-03
4.212250e-01, -4.425452e-03
4.212260e-01, -4.411478e-03
4.212270e-01, -4.397504e-03
4.212280e-01, -4.383530e-03
4.212290e-01, -4.369557e-03
4.212300e-01, -4.355585e-03
4.212310e-01, -4.341612e-03
4.212320e-01, -4.327641e-03
4.212330e-01, -4.313669e-03
4.212340e-01, -4.299698e-03
4.212350e-01, -4.285728e-03
4.212360e-01, -4.271758e-03
4.212370e-01, -4.257788e-03
4.212380e-01, -4.243819e-03
4.212390e-01, -4.229850e-03
4.212400e-01, -4.215881e-03
4.212410e-01, -4.201913e-03
4.212420e-01, -4.187946e-03
4.212430e-01, -4.173979e-03
4.212440e-01, -4.160012e-03
4.212450e-01, -4.146046e-03
4.212460e-01, -4.132080e-03
4.212470e-01, -4.118115e-03
4.212480e-01, -4.104150e-03
4.212490e-01, -4.090185e-03
4.212500e-01, -4.076221e-03
4.212510e-01, -4.062257e-03
4.212520e-01, -4.048294e-03
4.212530e-01, -4.034331e-03
4.212540e-01, -4.020369e-03
4.212550e-01, -4.006407e-03
4.212560e-01, -3.992445e-03
4.212570e-01, -3.978484e-03
4.212580e-01, -3.964524e-03
4.212590e-01, -3.950563e-03
4.212600e-01, -3.936604e-03
4.212610e-01, -3.922644e-03
4.212620e-01, -3.908685e-03
4.212630e-01, -3.894727e-03
4.212640e-01, -3.880769e-03
4.212650e-01, -3.866811e-03
4.212660e-01, -3.852854e-03
4.212670e-01, -3.838897e-03
4.212680e-01, -3.824940e-03
4.212690e-01, -3.810984e-03
4.212700e-01, -3.797029e-03
4.212710e-01, -3.783074e-03
4.212720e-01, -3.769119e-03
4.212730e-01, -3.755165e-03
4.212740e-01, -3.741211e-03
4.212750e-01, -3.727258e-03
4.212760e-01, -3.713305e-03
4.212770e-01, -3.699352e-03
4.212780e-01, -3.685400e-03
4.212790e-01, -3.671448e-03
4.212800e-01, -3.657497e-03
4.212810e-01, -3.643546e-03
4.212820e-01, -3.629596e-03
4.212830e-01, -3.615646e-03
4.212840e-01, -3.601696e-03
4.212850e-01, -3.587747e-03
4.212860e-01, -3.573799e-03
4.212870e-01, -3.559850e-03
4.212880e-01, -3.545903e-03
4.212890e-01, -3.531955e-03
4.212900e-01, -3.518008e-03
4.212910e-01, -3.504062e-03
4.212920e-01, -3.490116e-03
4.212930e-01, -3.476170e-03
4.212940e-01, -3.462225e-03
4.212950e-01, -3.448280e-03
4.212960e-01, -3.434335e-03
4.212970e-01, -3.420391e-03
4.212980e-01, -3.406448e-03
4.212990e-01, -3.392505e-03
4.213000e-01, -3.378562e-03
4.213010e-01, -3.364620e-03
4.213020e-01, -3.350678e-03
4.213030e-01, -3.336737e-03
4.213040e-01, -3.322796e-03
4.213050e-01, -3.308855e-03
4.213060e-01, -3.294915e-03
4.213070e-01, -3.280975e-03
4.213080e-01, -3.267036e-03
4.213090e-01, -3.253097e-03
4.213100e-01, -3.239159e-03
4.213110e-01, -3.225221e-03
4.213120e-01, -3.211283e-03
4.213130e-01, -3.197346e-03
4.213140e-01, -3.183409e-03
4.213150e-01, -3.169473e-03
4.213160e-01, -3.155537e-03
4.213170e-01, -3.141602e-03
4.213180e-01, -3.127667e-03
4.213190e-01, -3.113732e-03
4.213200e-01, -3.099798e-03
4.213210e-01, -3.085865e-03
4.213220e-01, -3.071931e-03
4.213230e-01, -3.057998e-03
4.213240e-01, -3.044066e-03
4.213250e-01, -3.030134e-03
4.213260e-01, -3.016202e-03
4.213270e-01, -3.002271e-03
4.213280e-01, -2.988341e-03
4.213290e-01, -2.974410e-03
4.213300e-01, -2.960480e-03
4.213310e-01, -2.946551e-03
4.213320e-01, -2.932622e-03
4.213330e-01, -2.918693e-03
4.213340e-01, -2.904765e-03
4.213350e-01, -2.890837e-03
4.213360e-01, -2.876910e-03
4.213370e-01, -2.862983e-03
4.213380e-01, -2.849057e-03
4.213390e-01, -2.835131e-03
4.213400e-01, -2.821205e-03
4.213410e-01, -2.807280e-03
4.213420e-01, -2.793355e-03
4.213430e-01, -2.779431e-03
4.213440e-01, -2.765507e-03
4.213450e-01, -2.751584e-03
4.213460e-01, -2.737661e-03
4.213470e-01, -2.723738e-03
4.213480e-01, -2.709816e-03
4.213490e-01, -2.695894e-03
4.213500e-01, -2.681973e-03
4.213510e-01, -2.668052e-03
4.213520e-01, -2.654131e-03
4.213530e-01, -2.640211e-03
4.213540e-01, -2.626292e-03
4.213550e-01, -2.612373e-03
4.213560e-01, -2.598454e-03
4.213570e-01, -2.584535e-03
4.213580e-01, -2.570617e-03
4.213590e-01, -2.556700e-03
4.213600e-01, -2.542783e-03
4.213610e-01, -2.528866e-03
4.213620e-01, -2.514950e-03
4.213630e-01, -2.501034e-03
4.213640e-01, -2.487119e-03
4.213650e-01, -2.473204e-03
4.213660e-01, -2.459290e-03
4.213670e-01, -2.445375e-03
4.213680e-01, -2.431462e-03
4.213690e-01, -2.417549e-03
4.213700e-01, -2.403636e-03
4.213710e-01, -2.389723e-03
4.213720e-01, -2.375811e-03
4.213730e-01, -2.361900e-03
4.213740e-01, -2.347989e-03
4.213750e-01, -2.334078e-03
4.213760e-01, -2.320168e-03
4.213770e-01, -2.306258e-03
4.213780e-01, -2.292349e-03
4.213790e-01, -2.278440e-03
4.213800e-01, -2.264531e-03
4.213810e-01, -2.250623e-03
4.213820e-01, -2.236715e-03
4.213830e-01, -2.222808e-03
4.213840e-01, -2.208901e-03
4.213850e-01, -2.194995e-03
4.213860e-01, -2.181089e-03
4.213870e-01, -2.167183e-03
4.213880e-01, -2.153278e-03
4.213890e-01, -2.139374e-03
4.213900e-01, -2.125469e-03
4.213910e-01, -2.111565e-03
4.213920e-01, -2.097662e-03
4.213930e-01, -2.083759e-03
4.213940e-01, -2.069856e-03
4.213950e-01, -2.055954e-03
4.213960e-01, -2.042053e-03
4.213970e-01, -2.028151e-03
4.213980e-01, -2.014250e-03
4.213990e-01, -2.000350e-03
4.214000e-01, -1.986450e-03
4.214010e-01, -1.972550e-03
4.214020e-01, -1.958651e-03
4.214030e-01, -1.944752e-03
4.214040e-01, -1.930854e-03
4.214050e-01, -1.916956e-03
4.214060e-01, -1.903059e-03
4.214070e-01, -1.889162e-03
4.214080e-01, -1.875265e-03
4.214090e-01, -1.861369e-03
4.214100e-01, -1.847473e-03
4.214110e-01, -1.833578e-03
4.214120e-01, -1.819683e-03
4.214130e-01, -1.805788e-03
4.214140e-01, -1.791894e-03
4.214150e-01, -1.778001e-03
4.214160e-01, -1.764107e-03
4.214170e-01, -1.750215e-03
4.214180e-01, -1.736322e-03
4.214190e-01, -1.722430e-03
4.214200e-01, -1.708539e-03
4.214210e-01, -1.694648e-03
4.214220e-01, -1.680757e-03
4.214230e-01, -1.666867e-03
4.214240e-01, -1.652977e-03
4.214250e-01, -1.639088e-03
4.214260e-01, -1.625199e-03
4.214270e-01, -1.611310e-03
4.214280e-01, -1.597422e-03
4.214290e-01, -1.583534e-03
4.214300e-01, -1.569647e-03
4.214310e-01, -1.555760e-03
4.214320e-01, -1.541874e-03
4.214330e-01, -1.527988e-03
4.214340e-01, -1.514102e-03
4.214350e-01, -1.500217e-03
4.214360e-01, -1.486332e-03
4.214370e-01, -1.472448e-03
4.214380e-01, -1.458564e-03
4.214390e-01, -1.444681e-03
4.214400e-01, -1.430798e-03
4.214410e-01, -1.416915e-03
4.214420e-01, -1.403033e-03
4.214430e-01, -1.389151e-03
4.214440e-01, -1.375270e-03
4.214450e-01, -1.361389e-03
4.214460e-01, -1.347509e-03
4.214470e-01, -1.333628e-03
4.214480e-01, -1.319749e-03
4.214490e-01, -1.305870e-03
4.214500e-01, -1.291991e-03
4.214510e-01, -1.278113e-03
4.214520e-01, -1.264235e-03
4.214530e-01, -1.250357e-03
4.214540e-01, -1.236480e-03
4.214550e-01, -1.222603e-03
4.214560e-01, -1.208727e-03
4.214570e-01, -1.194851e-03
4.214580e-01, -1.180976e-03
4.214590e-01, -1.167101e-03
4.214600e-01, -1.153226e-03
4.214610e-01, -1.139352e-03
4.214620e-01, -1.125479e-03
4.214630e-01, -1.111605e-03
4.214640e-01, -1.097733e-03
4.214650e-01, -1.083860e-03
4.214660e-01, -1.069988e-03
4.214670e-01, -1.056117e-03
4.214680e-01, -1.042246e-03
4.214690e-01, -1.028375e-03
4.214700e-01, -1.014505e-03
4.214710e-01, -1.000635e-03
4.214720e-01, -9.867652e-04
4.214730e-01, -9.728962e-04
4.214740e-01, -9.590276e-04
4.214750e-01, -9.451594e-04
4.214760e-01, -9.312917e-04
4.214770e-01, -9.174244e-04
4.214780e-01, -9.035575e-04
4.214790e-01, -8.896910e-04
4.214800e-01, -8.758249e-04
4.214810e-01, -8.619593e-04
4.214820e-01, -8.480941e-04
4.214830e-01, -8.342293e-04
4.214840e-01, -8.203650e-04
4.214850e-01, -8.065010e-04
4.214860e-01, -7.926375e-04
4.214870e-01, -7.787744e-04
4.214880e-01, -7.649118e-04
4.214890e-01, -7.510495e-04
4.214900e-01, -7.371877e-04
4.214910e-01, -7.233263e-04
4.214920e-01, -7.094654e-04
4.214930e-01, -6.956048e-04
4.214940e-01, -6.817447e-04
4.214950e-01, -6.678850e-04
4.214960e-01, -6.540257e-04
4.214970e-01, -6.401669e-04
4.214980e-01, -6.263084e-04
4.214990e-01, -6.124504e-04
4.215000e-01, -5.985929e-04
4.215010e-01, -5.847357e-04
4.215020e-01, -5.708790e-04
4.215030e-01, -5.570226e-04
4.215040e-01, -5.431668e-04
4.215050e-01, -5.293113e-04
4.215060e-01, -5.154563e-04
4.215070e-01, -5.016016e-04
4.215080e-01, -4.877474e-04
4.215090e-01, -4.738937e-04
4.215100e-01, -4.600403e-04
4.215110e-01, -4.461874e-04
4.215120e-01, -4.323349e-04
4.215130e-01, -4.184828e-04
4.215140e-01, -4.046311e-04
4.215150e-01, -3.907799e-04
4.215160e-01, -3.769291e-04
4.215170e-01, -3.630787e-04
4.215180e-01, -3.492287e-04
4.215190e-01, -3.353792e-04
4.215200e-01, -3.215301e-04
4.215210e-01, -3.076814e-04
4.215220e-01, -2.938331e-04
4.215230e-01, -2.799853e-04
4.215240e-01, -2.661378e-04
4.215250e-01, -2.522908e-04
4.215260e-01, -2.384442e-04
4.215270e-01, -2.245981e-04
4.215280e-01, -2.107523e-04
4.215290e-01, -1.969070e-04
4.215300e-01, -1.830621e-04
4.215310e-01, -1.692177e-04
4.215320e-01, -1.553736e-04
4.215330e-01, -1.415300e-04
4.215340e-01, -1.276868e-04
4.215350e-01, -1.138440e-04
4.215360e-01, -1.000017e-04
4.215370e-01, -8.615972e-05
4.215380e-01, -7.231821e-05
4.215390e-01, -5.847712e-05
4.215400e-01, -4.463645e-05
4.215410e-01, -3.079621e-05
4.215420e-01, -1.695638e-05
4.215430e-01, -3.116983e-06
4.215440e-01, 1.072199e-05
4.215450e-01, 2.456055e-05
4.215460e-01, 3.839868e-05
4.215470e-01, 5.223640e-05
4.215480e-01, 6.607368e-05
4.215490e-01, 7.991055e-05
4.215500e-01, 9.374700e-05
4.215510e-01, 1.075830e-04
4.215520e-01, 1.214186e-04
4.215530e-01, 1.352538e-04
4.215540e-01, 1.490886e-04
4.215550e-01, 1.629229e-04
4.215560e-01, 1.767568e-04
4.215570e-01, 1.905903e-04
4.215580e-01, 2.044234e-04
4.215590e-01, 2.182560e-04
4.215600e-01, 2.320882e-04
4.215610e-01, 2.459200e-04
4.215620e-01, 2.597514e-04
4.215630e-01, 2.735824e-04
4.215640e-01, 2.874129e-04
4.215650e-01, 3.012430e-04
4.215660e-01, 3.150727e-04
4.215670e-01, 3.289020e-04
4.215680e-01, 3.427308e-04
4.215690e-01, 3.565593e-04
4.215700e-01, 3.703873e-04
4.215710e-01, 3.842149e-04
4.215720e-01, 3.980420e-04
4.215730e-01, 4.118688e-04
4.215740e-01, 4.256951e-04
4.215750e-01, 4.395210e-04
4.215760e-01, 4.533464e-04
4.215770e-01, 4.671715e-04
4.215780e-01, 4.809961e-04
4.215790e-01, 4.948203e-04
4.215800e-01, 5.086441e-04
4.215810e-01, 5.224675e-04
4.215820e-01, 5.362904e-04
4.215830e-01, 5.501130e-04
4.215840e-01, 5.639351e-04
4.215850e-01, 5.777568e-04
4.215860e-01, 5.915780e-04
4.215870e-01, 6.053989e-04
4.215880e-01, 6.192193e-04
4.215890e-01, 6.330393e-04
4.215900e-01, 6.468589e-04
4.215910e-01, 6.606780e-04
4.215920e-01, 6.744967e-04
4.215930e-01, 6.883150e-04
4.215940e-01, 7.021329e-04
4.215950e-01, 7.159504e-04
4.215960e-01, 7.297675e-04
4.215970e-01, 7.435841e-04
4.215980e-01, 7.574003e-04
4.215990e-01, 7.712161e-04
4.216000e-01, 7.850314e-04
4.216010e-01, 7.988464e-04
4.216020e-01, 8.126609e-04
4.216030e-01, 8.264750e-04
4.216040e-01, 8.402887e-04
4.216050e-01, 8.541019e-04
4.216060e-01, 8.679148e-04
4.216070e-01, 8.817272e-04
4.216080e-01, 8.955392e-04
4.216090e-01, 9.093508e-04
4.216100e-01, 9.231619e-04
4.216110e-01, 9.369727e-04
4.216120e-01, 9.507830e-04
4.216130e-01, 9.645929e-04
4.216140e-01, 9.784023e-04
4.216150e-01, 9.922114e-04
4.216160e-01, 1.006020e-03
4.216170e-01, 1.019828e-03
4.216180e-01, 1.033636e-03
4.216190e-01, 1.047443e-03
4.216200e-01, 1.061250e-03
4.216210e-01, 1.075057e-03
4.216220e-01, 1.088863e-03
4.216230e-01, 1.102669e-03
4.216240e-01, 1.116474e-03
4.216250e-01, 1.130279e-03
4.216260e-01, 1.144083e-03
4.216270e-01, 1.157887e-03
4.216280e-01, 1.171691e-03
4.216290e-01, 1.185494e-03
4.216300e-01, 1.199297e-03
4.216310e-01, 1.213099e-03
4.216320e-01, 1.226901e-03
4.216330e-01, 1.240702e-03
4.216340e-01, 1.254503e-03
4.216350e-01, 1.268304e-03
4.216360e-01, 1.282104e-03
4.216370e-01, 1.295904e-03
4.216380e-01, 1.309703e-03
4.216390e-01, 1.323502e-03
4.216400e-01, 1.337301e-03
4.216410e-01, 1.351099e-03
4.216420e-01, 1.364897e-03
4.216430e-01, 1.378694e-03
4.216440e-01, 1.392491e-03
4.216450e-01, 1.406287e-03
4.216460e-01, 1.420083e-03
4.216470e-01, 1.433879e-03
4.216480e-01, 1.447674e-03
4.216490e-01, 1.461469e-03
4.216500e-01, 1.475263e-03
4.216510e-01, 1.489057e-03
4.216520e-01, 1.502851e-03
4.216530e-01, 1.516644e-03
4.216540e-01, 1.530436e-03
4.216550e-01, 1.544229e-03
4.216560e-01, 1.558020e-03
4.216570e-01, 1.571812e-03
4.216580e-01, 1.585603e-03
4.216590e-01, 1.599393e-03
4.216600e-01, 1.613184e-03
4.216610e-01, 1.626973e-03
4.216620e-01, 1.640763e-03
4.216630e-01, 1.654551e-03
4.216640e-01, 1.668340e-03
4.216650e-01, 1.682128e-03
4.216660e-01, 1.695916e-03
4.216670e-01, 1.709703e-03
4.216680e-01, 1.723490e-03
4.216690e-01, 1.737276e-03
4.216700e-01, 1.751062e-03
4.216710e-01, 1.764847e-03
4.216720e-01, 1.778632e-03
4.216730e-01, 1.792417e-03
4.216740e-01, 1.806201e-03
4.216750e-01, 1.819985e-03
4.216760e-01, 1.833769e-03
4.216770e-01, 1.847552e-03
4.216780e-01, 1.861334e-03
4.216790e-01, 1.875116e-03
4.216800e-01, 1.888898e-03
4.216810e-01, 1.902680e-03
4.216820e-01, 1.916460e-03
4.216830e-01, 1.930241e-03
4.216840e-01, 1.944021e-03
4.216850e-01, 1.957801e-03
4.216860e-01, 1.971580e-03
4.216870e-01, 1.985359e-03
4.216880e-01, 1.999137e-03
4.216890e-01, 2.012915e-03
4.216900e-01, 2.026693e-03
4.216910e-01, 2.040470e-03
4.216920e-01, 2.054247e-03
4.216930e-01, 2.068023e-03
4.216940e-01, 2.081799e-03
4.216950e-01, 2.095574e-03
4.216960e-01, 2.109349e-03
4.216970e-01, 2.123124e-03
4.216980e-01, 2.136898e-03
4.216990e-01, 2.150672e-03
4.217000e-01, 2.164445e-03
4.217010e-01, 2.178218e-03
4.217020e-01, 2.191991e-03
4.217030e-01, 2.205763e-03
4.217040e-01, 2.219534e-03
4.217050e-01, 2.233306e-03
4.217060e-01, 2.247077e-03
4.217070e-01, 2.260847e-03
4.217080e-01, 2.274617e-03
4.217090e-01, 2.288387e-03
4.217100e-01, 2.302156e-03
4.217110e-01, 2.315925e-03
4.217120e-01, 2.329693e-03
4.217130e-01, 2.343461e-03
4.217140e-01, 2.357228e-03
4.217150e-01, 2.370995e-03
4.217160e-01, 2.384762e-03
4.217170e-01, 2.398528e-03
4.217180e-01, 2.412294e-03
4.217190e-01, 2.426060e-03
4.217200e-01, 2.439825e-03
4.217210e-01, 2.453589e-03
4.217220e-01, 2.467353e-03
4.217230e-01, 2.481117e-03
4.217240e-01, 2.494880e-03
4.217250e-01, 2.508643e-03
4.217260e-01, 2.522406e-03
4.217270e-01, 2.536168e-03
4.217280e-01, 2.549930e-03
4.217290e-01, 2.563691e-03
4.217300e-01, 2.577452e-03
4.217310e-01, 2.591212e-03
4.217320e-01, 2.604972e-03
4.217330e-01, 2.618732e-03
4.217340e-01, 2.632491e-03
4.217350e-01, 2.646249e-03
4.217360e-01, 2.660008e-03
4.217370e-01, 2.673766e-03
4.217380e-01, 2.687523e-03
4.217390e-01, 2.701280e-03
4.217400e-01, 2.715037e-03
4.217410e-01, 2.728793e-03
4.217420e-01, 2.742549e-03
4.217430e-01, 2.756304e-03
4.217440e-01, 2.770059e-03
4.217450e-01, 2.783814e-03
4.217460e-01, 2.797568e-03
4.217470e-01, 2.811321e-03
4.217480e-01, 2.825075e-03
4.217490e-01, 2.838828e-03
4.217500e-01, 2.852580e-03
4.217510e-01, 2.866332e-03
4.217520e-01, 2.880084e-03
4.217530e-01, 2.893835e-03
4.217540e-01, 2.907586e-03
4.217550e-01, 2.921336e-03
4.217560e-01, 2.935086e-03
4.217570e-01, 2.948836e-03
4.217580e-01, 2.962585e-03
4.217590e-01, 2.976333e-03
4.217600e-01, 2.990082e-03
4.217610e-01, 3.003829e-03
4.217620e-01, 3.017577e-03
4.217630e-01, 3.031324e-03
4.217640e-01, 3.045071e-03
4.217650e-01, 3.058817e-03
4.217660e-01, 3.072562e-03
4.217670e-01, 3.086308e-03
4.217680e-01, 3.100053e-03
4.217690e-01, 3.113797e-03
4.217700e-01, 3.127541e-03
4.217710e-01, 3.141285e-03
4.217720e-01, 3.155028e-03
4.217730e-01, 3.168771e-03
4.217740e-01, 3.182514e-03
4.217750e-01, 3.196256e-03
4.217760e-01, 3.209997e-03
4.217770e-01, 3.223738e-03
4.217780e-01, 3.237479e-03
4.217790e-01, 3.251220e-03
4.217800e-01, 3.264959e-03
4.217810e-01, 3.278699e-03
4.217820e-01, 3.292438e-03
4.217830e-01, 3.306177e-03
4.217840e-01, 3.319915e-03
4.217850e-01, 3.333653e-03
4.217860e-01, 3.347390e-03
4.217870e-01, 3.361127e-03
4.217880e-01, 3.374864e-03
4.217890e-01, 3.388600e-03
4.217900e-01, 3.402336e-03
4.217910e-01, 3.416071e-03
4.217920e-01, 3.429806e-03
4.217930e-01, 3.443541e-03
4.217940e-01, 3.457275e-03
4.217950e-01, 3.471008e-03
4.217960e-01, 3.484742e-03
4.217970e-01, 3.498474e-03
4.217980e-01, 3.512207e-03
4.217990e-01, 3.525939e-03
4.218000e-01, 3.539671e-03
4.218010e-01, 3.553402e-03
4.218020e-01, 3.567132e-03
4.218030e-01, 3.580863e-03
4.218040e-01, 3.594593e-03
4.218050e-01, 3.608322e-03
4.218060e-01, 3.622051e-03
4.218070e-01, 3.635780e-03
4.218080e-01, 3.649508e-03
4.218090e-01, 3.663236e-03
4.218100e-01, 3.676964e-03
4.218110e-01, 3.690691e-03
4.218120e-01, 3.704417e-03
4.218130e-01, 3.718143e-03
4.218140e-01, 3.731869e-03
4.218150e-01, 3.745594e-03
4.218160e-01, 3.759319e-03
4.218170e-01, 3.773044e-03
4.218180e-01, 3.786768e-03
4.218190e-01, 3.800492e-03
4.218200e-01, 3.814215e-03
4.218210e-01, 3.827938e-03
4.218220e-01, 3.841660e-03
4.218230e-01, 3.855382e-03
4.218240e-01, 3.869104e-03
4.218250e-01, 3.882825e-03
4.218260e-01, 3.896546e-03
4.218270e-01, 3.910266e-03
4.218280e-01, 3.923986e-03
4.218290e-01, 3.937706e-03
4.218300e-01, 3.951425e-03
4.218310e-01, 3.965143e-03
4.218320e-01, 3.978862e-03
4.218330e-01, 3.992579e-03
4.218340e-01, 4.006297e-03
4.218350e-01, 4.020014e-03
4.218360e-01, 4.033731e-03
4.218370e-01, 4.047447e-03
4.218380e-01, 4.061163e-03
4.218390e-01, 4.074878e-03
4.218400e-01, 4.088593e-03
4.218410e-01, 4.102307e-03
4.218420e-01, 4.116021e-03
4.218430e-01, 4.129735e-03
4.218440e-01, 4.143448e-03
4.218450e-01, 4.157161e-03
4.218460e-01, 4.170874e-03
4.218470e-01, 4.184586e-03
4.218480e-01, 4.198297e-03
4.218490e-01, 4.212009e-03
4.218500e-01, 4.225719e-03
4.218510e-01, 4.239430e-03
4.218520e-01, 4.253140e-03
4.218530e-01, 4.266849e-03
4.218540e-01, 4.280558e-03
4.218550e-01, 4.294267e-03
4.218560e-01, 4.307975e-03
4.218570e-01, 4.321683e-03
4.218580e-01, 4.335391e-03
4.218590e-01, 4.349098e-03
4.218600e-01, 4.362804e-03
4.218610e-01, 4.376511e-03
4.218620e-01, 4.390216e-03
4.218630e-01, 4.403922e-03
4.218640e-01, 4.417627e-03
4.218650e-01, 4.431331e-03
4.218660e-01, 4.445035e-03
4.218670e-01, 4.458739e-03
4.218680e-01, 4.472442e-03
4.218690e-01, 4.486145e-03
4.218700e-01, 4.499848e-03
4.218710e-01, 4.513550e-03
4.218720e-01, 4.527252e-03
4.218730e-01, 4.540953e-03
4.218740e-01, 4.554654e-03
4.218750e-01, 4.568354e-03
4.218760e-01, 4.582054e-03
4.218770e-01, 4.595754e-03
4.218780e-01, 4.609453e-03
4.218790e-01, 4.623152e-03
4.218800e-01, 4.636850e-03
4.218810e-01, 4.650548e-03
4.218820e-01, 4.664245e-03
4.218830e-01, 4.677942e-03
4.218840e-01, 4.691639e-03
4.218850e-01, 4.705335e-03
4.218860e-01, 4.719031e-03
4.218870e-01, 4.732727e-03
4.218880e-01, 4.746422e-03
4.218890e-01, 4.760116e-03
4.218900e-01, 4.773810e-03
4.218910e-01, 4.787504e-03
4.218920e-01, 4.801197e-03
4.218930e-01, 4.814890e-03
4.218940e-01, 4.828583e-03
4.218950e-01, 4.842275e-03
4.218960e-01, 4.855967e-03
4.218970e-01, 4.869658e-03
4.218980e-01, 4.883349e-03
4.218990e-01, 4.897039e-03
4.219000e-01, 4.910729e-03
4.219010e-01, 4.924419e-03
4.219020e-01, 4.938108e-03
4.219030e-01, 4.951797e-03
4.219040e-01, 4.965485e-03
4.219050e-01, 4.979173e-03
4.219060e-01, 4.992861e-03
4.219070e-01, 5.006548e-03
4.219080e-01, 5.020235e-03
4.219090e-01, 5.033921e-03
4.219100e-01, 5.047607e-03
4.219110e-01, 5.061292e-03
4.219120e-01, 5.074977e-03
4.219130e-01, 5.088662e-03
4.219140e-01, 5.102346e-03
4.219150e-01, 5.116030e-03
4.219160e-01, 5.129714e-03
4.219170e-01, 5.143397e-03
4.219180e-01, 5.157079e-03
4.219190e-01, 5.170761e-03
4.219200e-01, 5.184443e-03
4.219210e-01, 5.198124e-03
4.219220e-01, 5.211805e-03
4.219230e-01, 5.225486e-03
4.219240e-01, 5.239166e-03
4.219250e-01, 5.252846e-03
4.219260e-01, 5.266525e-03
4.219270e-01, 5.280204e-03
4.219280e-01, 5.293882e-03
4.219290e-01, 5.307560e-03
4.219300e-01, 5.321238e-03
4.219310e-01, 5.334915e-03
4.219320e-01, 5.348592e-03
4.219330e-01, 5.362268e-03
4.219340e-01, 5.375944e-03
4.219350e-01, 5.389620e-03
4.219360e-01, 5.403295e-03
4.219370e-01, 5.416969e-03
4.219380e-01, 5.430644e-03
4.219390e-01, 5.444318e-03
4.219400e-01, 5.457991e-03
4.219410e-01, 5.471664e-03
4.219420e-01, 5.485337e-03
4.219430e-01, 5.499009e-03
4.219440e-01, 5.512681e-03
4.219450e-01, 5.526352e-03
4.219460e-01, 5.540023e-03
4.219470e-01, 5.553694e-03
4.219480e-01, 5.567364e-03
4.219490e-01, 5.581034e-03
4.219500e-01, 5.594703e-03
4.219510e-01, 5.608372e-03
4.219520e-01, 5.622041e-03
4.219530e-01, 5.635709e-03
4.219540e-01, 5.649376e-03
4.219550e-01, 5.663044e-03
4.219560e-01, 5.676710e-03
4.219570e-01, 5.690377e-03
4.219580e-01, 5.704043e-03
4.219590e-01, 5.717709e-03
4.219600e-01, 5.731374e-03
4.219610e-01, 5.745039e-03
4.219620e-01, 5.758703e-03
4.219630e-01, 5.772367e-03
4.219640e-01, 5.786030e-03
4.219650e-01, 5.799694e-03
4.219660e-01, 5.813356e-03
4.219670e-01, 5.827019e-03
4.219680e-01, 5.840681e-03
4.219690e-01, 5.854342e-03
4.219700e-01, 5.868003e-03
4.219710e-01, 5.881664e-03
4.219720e-01, 5.895324e-03
4.219730e-01, 5.908984e-03
4.219740e-01, 5.922643e-03
4.219750e-01, 5.936302e-03
4.219760e-01, 5.949961e-03
4.219770e-01, 5.963619e-03
4.219780e-01, 5.977277e-03
4.219790e-01, 5.990934e-03
4.219800e-01, 6.004591e-03
4.219810e-01, 6.018248e-03
4.219820e-01, 6.031904e-03
4.219830e-01, 6.045560e-03
4.219840e-01, 6.059215e-03
4.219850e-01, 6.072870e-03
4.219860e-01, 6.086524e-03
4.219870e-01, 6.100178e-03
4.219880e-01, 6.113832e-03
4.219890e-01, 6.127485e-03
4.219900e-01, 6.141138e-03
4.219910e-01, 6.154790e-03
4.219920e-01, 6.168442e-03
4.219930e-01, 6.182094e-03
4.219940e-01, 6.195745e-03
4.219950e-01, 6.209396e-03
4.219960e-01, 6.223046e-03
4.219970e-01, 6.236696e-03
4.219980e-01, 6.250346e-03
4.219990e-01, 6.263995e-03
4.220000e-01, 6.277643e-03
