0.000000e+00 0.000000e+00
3.126810e+00 2.517584e-02
6.253620e+00 5.034286e-02
9.380430e+00 7.549221e-02
1.250724e+01 1.006151e-01
1.563405e+01 1.257026e-01
1.876086e+01 1.507461e-01
2.188767e+01 1.757367e-01
2.501448e+01 2.006657e-01
2.814129e+01 2.255242e-01
3.126810e+01 2.503036e-01
3.439491e+01 2.749953e-01
3.752172e+01 2.995904e-01
4.064853e+01 3.240805e-01
4.377534e+01 3.484569e-01
4.690215e+01 3.727110e-01
5.002896e+01 3.968344e-01
5.315577e+01 4.208185e-01
5.628258e+01 4.446551e-01
5.940939e+01 4.683356e-01
6.253620e+01 4.918519e-01
6.566301e+01 5.151956e-01
6.878982e+01 5.383586e-01
7.191663e+01 5.613328e-01
7.504344e+01 5.841100e-01
7.817025e+01 6.066823e-01
8.129706e+01 6.290418e-01
8.442387e+01 6.511806e-01
8.755068e+01 6.730910e-01
9.067749e+01 6.947653e-01
9.380430e+01 7.161959e-01
9.693111e+01 7.373752e-01
1.000579e+02 7.582958e-01
1.031847e+02 7.789505e-01
1.063115e+02 7.993319e-01
1.094383e+02 8.194328e-01
1.125652e+02 8.392464e-01
1.156920e+02 8.587655e-01
1.188188e+02 8.779834e-01
1.219456e+02 8.968933e-01
1.250724e+02 9.154885e-01
1.281992e+02 9.337626e-01
1.313260e+02 9.517092e-01
1.344528e+02 9.693219e-01
1.375796e+02 9.865946e-01
1.407064e+02 1.003521e+00
1.438333e+02 1.020096e+00
1.469601e+02 1.036312e+00
1.500869e+02 1.052166e+00
1.532137e+02 1.067650e+00
1.563405e+02 1.082759e+00
1.594673e+02 1.097489e+00
1.625941e+02 1.111834e+00
1.657209e+02 1.125789e+00
1.688477e+02 1.139349e+00
1.719745e+02 1.152509e+00
1.751014e+02 1.165265e+00
1.782282e+02 1.177612e+00
1.813550e+02 1.189546e+00
1.844818e+02 1.201063e+00
1.876086e+02 1.212158e+00
1.907354e+02 1.222829e+00
1.938622e+02 1.233070e+00
1.969890e+02 1.242879e+00
2.001158e+02 1.252252e+00
2.032426e+02 1.261186e+00
2.063695e+02 1.269677e+00
2.094963e+02 1.277723e+00
2.126231e+02 1.285320e+00
2.157499e+02 1.292467e+00
2.188767e+02 1.299161e+00
2.220035e+02 1.305398e+00
2.251303e+02 1.311178e+00
2.282571e+02 1.316498e+00
2.313839e+02 1.321356e+00
2.345107e+02 1.325751e+00
2.376376e+02 1.329681e+00
2.407644e+02 1.333144e+00
2.438912e+02 1.336140e+00
2.470180e+02 1.338667e+00
2.501448e+02 1.340724e+00
2.532716e+02 1.342311e+00
2.563984e+02 1.343428e+00
2.595252e+02 1.344073e+00
2.626520e+02 1.344247e+00
2.657788e+02 1.343949e+00
2.689057e+02 1.343180e+00
2.720325e+02 1.341940e+00
2.751593e+02 1.340229e+00
2.782861e+02 1.338048e+00
2.814129e+02 1.335397e+00
2.845397e+02 1.332278e+00
2.876665e+02 1.328692e+00
2.907933e+02 1.324640e+00
2.939201e+02 1.320124e+00
2.970469e+02 1.315144e+00
3.001738e+02 1.309703e+00
3.033006e+02 1.303803e+00
3.064274e+02 1.297446e+00
3.095542e+02 1.290633e+00
3.126810e+02 1.283368e+00
3.158078e+02 1.275653e+00
3.189346e+02 1.267490e+00
3.220614e+02 1.258883e+00
3.251882e+02 1.249834e+00
3.283150e+02 1.240347e+00
3.314419e+02 1.230425e+00
3.345687e+02 1.220071e+00
3.376955e+02 1.209290e+00
3.408223e+02 1.198084e+00
3.439491e+02 1.186458e+00
3.470759e+02 1.174417e+00
3.502027e+02 1.161963e+00
3.533295e+02 1.149102e+00
3.564563e+02 1.135838e+00
3.595831e+02 1.122175e+00
3.627100e+02 1.108119e+00
3.658368e+02 1.093675e+00
3.689636e+02 1.078846e+00
3.720904e+02 1.063640e+00
3.752172e+02 1.048061e+00
3.783440e+02 1.032114e+00
3.814708e+02 1.015805e+00
3.845976e+02 9.991398e-01
3.877244e+02 9.821244e-01
3.908512e+02 9.647646e-01
3.939781e+02 9.470665e-01
3.971049e+02 9.290364e-01
4.002317e+02 9.106805e-01
4.033585e+02 8.920052e-01
4.064853e+02 8.730172e-01
4.096121e+02 8.537232e-01
4.127389e+02 8.341297e-01
4.158657e+02 8.142438e-01
4.189925e+02 7.940725e-01
4.221193e+02 7.736227e-01
4.252462e+02 7.529017e-01
4.283730e+02 7.319167e-01
4.314998e+02 7.106751e-01
4.346266e+02 6.891844e-01
4.377534e+02 6.674521e-01
4.408802e+02 6.454857e-01
4.440070e+02 6.232931e-01
4.471338e+02 6.008819e-01
4.502606e+02 5.782602e-01
4.533874e+02 5.554357e-01
4.565143e+02 5.324165e-01
4.596411e+02 5.092106e-01
4.627679e+02 4.858263e-01
4.658947e+02 4.622717e-01
4.690215e+02 4.385550e-01
4.721483e+02 4.146846e-01
4.752751e+02 3.906689e-01
4.784019e+02 3.665162e-01
4.815287e+02 3.422351e-01
4.846555e+02 3.178340e-01
4.877824e+02 2.933215e-01
4.909092e+02 2.687063e-01
4.940360e+02 2.439968e-01
4.971628e+02 2.192019e-01
5.002896e+02 1.943301e-01
5.034164e+02 1.693902e-01
5.065432e+02 1.443910e-01
5.096700e+02 1.193412e-01
5.127968e+02 9.424950e-02
5.159236e+02 6.912482e-02
5.190505e+02 4.397593e-02
5.221773e+02 1.881162e-02
5.253041e+02 -6.359278e-03
5.284309e+02 -3.152795e-02
5.315577e+02 -5.668557e-02
5.346845e+02 -8.182334e-02
5.378113e+02 -1.069324e-01
5.409381e+02 -1.320041e-01
5.440649e+02 -1.570295e-01
5.471917e+02 -1.819999e-01
5.503186e+02 -2.069065e-01
5.534454e+02 -2.317407e-01
5.565722e+02 -2.564936e-01
5.596990e+02 -2.811568e-01
5.628258e+02 -3.057215e-01
5.659526e+02 -3.301791e-01
5.690794e+02 -3.545211e-01
5.722062e+02 -3.787389e-01
5.753330e+02 -4.028241e-01
5.784598e+02 -4.267683e-01
5.815867e+02 -4.505630e-01
5.847135e+02 -4.741999e-01
5.878403e+02 -4.976709e-01
5.909671e+02 -5.209675e-01
5.940939e+02 -5.440818e-01
5.972207e+02 -5.670057e-01
6.003475e+02 -5.897310e-01
6.034743e+02 -6.122500e-01
6.066011e+02 -6.345546e-01
6.097279e+02 -6.566371e-01
6.128548e+02 -6.784898e-01
6.159816e+02 -7.001051e-01
6.191084e+02 -7.214754e-01
6.222352e+02 -7.425932e-01
6.253620e+02 -7.634511e-01
6.284888e+02 -7.840420e-01
6.316156e+02 -8.043585e-01
6.347424e+02 -8.243937e-01
6.378692e+02 -8.441404e-01
6.409960e+02 -8.635919e-01
6.441229e+02 -8.827413e-01
6.472497e+02 -9.015820e-01
6.503765e+02 -9.201074e-01
6.535033e+02 -9.383110e-01
6.566301e+02 -9.561865e-01
6.597569e+02 -9.737277e-01
6.628837e+02 -9.909285e-01
6.660105e+02 -1.007783e+00
6.691373e+02 -1.024285e+00
6.722641e+02 -1.040429e+00
6.753909e+02 -1.056209e+00
6.785178e+02 -1.071620e+00
6.816446e+02 -1.086657e+00
6.847714e+02 -1.101314e+00
6.878982e+02 -1.115587e+00
6.910250e+02 -1.129469e+00
6.941518e+02 -1.142957e+00
6.972786e+02 -1.156046e+00
7.004054e+02 -1.168731e+00
7.035322e+02 -1.181008e+00
7.066590e+02 -1.192873e+00
7.097859e+02 -1.204321e+00
7.129127e+02 -1.215348e+00
7.160395e+02 -1.225952e+00
7.191663e+02 -1.236127e+00
7.222931e+02 -1.245871e+00
7.254199e+02 -1.255181e+00
7.285467e+02 -1.264052e+00
7.316735e+02 -1.272483e+00
7.348003e+02 -1.280470e+00
7.379271e+02 -1.288010e+00
7.410540e+02 -1.295101e+00
7.441808e+02 -1.301740e+00
7.473076e+02 -1.307926e+00
7.504344e+02 -1.313655e+00
7.535612e+02 -1.318927e+00
7.566880e+02 -1.323739e+00
7.598148e+02 -1.328091e+00
7.629416e+02 -1.331979e+00
7.660684e+02 -1.335403e+00
7.691952e+02 -1.338363e+00
7.723221e+02 -1.340856e+00
7.754489e+02 -1.342883e+00
7.785757e+02 -1.344442e+00
7.817025e+02 -1.345534e+00
7.848293e+02 -1.346157e+00
7.879561e+02 -1.346312e+00
7.910829e+02 -1.345999e+00
7.942097e+02 -1.345217e+00
7.973365e+02 -1.343968e+00
8.004633e+02 -1.342252e+00
8.035902e+02 -1.340070e+00
8.067170e+02 -1.337421e+00
8.098438e+02 -1.334309e+00
8.129706e+02 -1.330733e+00
8.160974e+02 -1.326694e+00
8.192242e+02 -1.322196e+00
8.223510e+02 -1.317238e+00
8.254778e+02 -1.311824e+00
8.286046e+02 -1.305954e+00
8.317314e+02 -1.299631e+00
8.348583e+02 -1.292858e+00
8.379851e+02 -1.285637e+00
8.411119e+02 -1.277971e+00
8.442387e+02 -1.269861e+00
8.473655e+02 -1.261312e+00
8.504923e+02 -1.252327e+00
8.536191e+02 -1.242908e+00
8.567459e+02 -1.233059e+00
8.598727e+02 -1.222783e+00
8.629995e+02 -1.212085e+00
8.661264e+02 -1.200967e+00
8.692532e+02 -1.189435e+00
8.723800e+02 -1.177492e+00
8.755068e+02 -1.165142e+00
8.786336e+02 -1.152391e+00
8.817604e+02 -1.139241e+00
8.848872e+02 -1.125699e+00
8.880140e+02 -1.111768e+00
8.911408e+02 -1.097455e+00
8.942676e+02 -1.082763e+00
8.973945e+02 -1.067699e+00
9.005213e+02 -1.052267e+00
9.036481e+02 -1.036473e+00
9.067749e+02 -1.020322e+00
9.099017e+02 -1.003821e+00
9.130285e+02 -9.869753e-01
9.161553e+02 -9.697903e-01
9.192821e+02 -9.522725e-01
9.224089e+02 -9.344280e-01
9.255357e+02 -9.162630e-01
9.286626e+02 -8.977841e-01
9.317894e+02 -8.789976e-01
9.349162e+02 -8.599102e-01
9.380430e+02 -8.405286e-01
9.411698e+02 -8.208596e-01
9.442966e+02 -8.009100e-01
9.474234e+02 -7.806869e-01
9.505502e+02 -7.601973e-01
9.536770e+02 -7.394483e-01
9.568038e+02 -7.184473e-01
9.599307e+02 -6.972015e-01
9.630575e+02 -6.757183e-01
9.661843e+02 -6.540052e-01
9.693111e+02 -6.320698e-01
9.724379e+02 -6.099196e-01
9.755647e+02 -5.875624e-01
9.786915e+02 -5.650058e-01
9.818183e+02 -5.422577e-01
9.849451e+02 -5.193259e-01
9.880719e+02 -4.962184e-01
9.911988e+02 -4.729430e-01
9.943256e+02 -4.495079e-01
9.974524e+02 -4.259209e-01
1.000579e+03 -4.021904e-01
1.003706e+03 -3.783242e-01
1.006833e+03 -3.543307e-01
1.009960e+03 -3.302181e-01
1.013086e+03 -3.059944e-01
1.016213e+03 -2.816680e-01
1.019340e+03 -2.572472e-01
1.022467e+03 -2.327401e-01
1.025594e+03 -2.081552e-01
1.028720e+03 -1.835006e-01
1.031847e+03 -1.587848e-01
1.034974e+03 -1.340160e-01
1.038101e+03 -1.092025e-01
1.041228e+03 -8.435274e-02
1.044355e+03 -5.947490e-02
1.047481e+03 -3.457731e-02
1.050608e+03 -9.668257e-03
1.053735e+03 1.524400e-02
1.056862e+03 4.015122e-02
1.059989e+03 6.504518e-02
1.063115e+03 8.991769e-02
1.066242e+03 1.147606e-01
1.069369e+03 1.395657e-01
1.072496e+03 1.643251e-01
1.075623e+03 1.890305e-01
1.078749e+03 2.136740e-01
1.081876e+03 2.382477e-01
1.085003e+03 2.627437e-01
1.088130e+03 2.871540e-01
1.091257e+03 3.114709e-01
1.094383e+03 3.356867e-01
1.097510e+03 3.597937e-01
1.100637e+03 3.837843e-01
1.103764e+03 4.076509e-01
1.106891e+03 4.313861e-01
1.110018e+03 4.549825e-01
1.113144e+03 4.784328e-01
1.116271e+03 5.017297e-01
1.119398e+03 5.248662e-01
1.122525e+03 5.478353e-01
1.125652e+03 5.706298e-01
1.128778e+03 5.932431e-01
1.131905e+03 6.156682e-01
1.135032e+03 6.378986e-01
1.138159e+03 6.599278e-01
1.141286e+03 6.817492e-01
1.144412e+03 7.033564e-01
1.147539e+03 7.247434e-01
1.150666e+03 7.459040e-01
1.153793e+03 7.668321e-01
1.156920e+03 7.875219e-01
1.160046e+03 8.079676e-01
1.163173e+03 8.281637e-01
1.166300e+03 8.481045e-01
1.169427e+03 8.677848e-01
1.172554e+03 8.871992e-01
1.175681e+03 9.063427e-01
1.178807e+03 9.252104e-01
1.181934e+03 9.437972e-01
1.185061e+03 9.620986e-01
1.188188e+03 9.801100e-01
1.191315e+03 9.978270e-01
1.194441e+03 1.015245e+00
1.197568e+03 1.032361e+00
1.200695e+03 1.049170e+00
1.203822e+03 1.065668e+00
1.206949e+03 1.081852e+00
1.210075e+03 1.097718e+00
1.213202e+03 1.113263e+00
1.216329e+03 1.128483e+00
1.219456e+03 1.143376e+00
1.222583e+03 1.157939e+00
1.225710e+03 1.172169e+00
1.228836e+03 1.186063e+00
1.231963e+03 1.199619e+00
1.235090e+03 1.212835e+00
1.238217e+03 1.225709e+00
1.241344e+03 1.238238e+00
1.244470e+03 1.250421e+00
1.247597e+03 1.262257e+00
1.250724e+03 1.273743e+00
1.253851e+03 1.284879e+00
1.256978e+03 1.295663e+00
1.260104e+03 1.306095e+00
1.263231e+03 1.316173e+00
1.266358e+03 1.325898e+00
1.269485e+03 1.335268e+00
1.272612e+03 1.344283e+00
1.275738e+03 1.352944e+00
1.278865e+03 1.361250e+00
1.281992e+03 1.369201e+00
1.285119e+03 1.376797e+00
1.288246e+03 1.384040e+00
1.291373e+03 1.390930e+00
1.294499e+03 1.397467e+00
1.297626e+03 1.403653e+00
1.300753e+03 1.409488e+00
1.303880e+03 1.414974e+00
1.307007e+03 1.420113e+00
1.310133e+03 1.424905e+00
1.313260e+03 1.429353e+00
1.316387e+03 1.433458e+00
1.319514e+03 1.437223e+00
1.322641e+03 1.440649e+00
1.325767e+03 1.443739e+00
1.328894e+03 1.446495e+00
1.332021e+03 1.448920e+00
1.335148e+03 1.451016e+00
1.338275e+03 1.452786e+00
1.341401e+03 1.454233e+00
1.344528e+03 1.455360e+00
1.347655e+03 1.456170e+00
1.350782e+03 1.456667e+00
1.353909e+03 1.456854e+00
1.357036e+03 1.456734e+00
1.360162e+03 1.456311e+00
1.363289e+03 1.455589e+00
1.366416e+03 1.454571e+00
1.369543e+03 1.453262e+00
1.372670e+03 1.451665e+00
1.375796e+03 1.449784e+00
1.378923e+03 1.447624e+00
1.382050e+03 1.445189e+00
1.385177e+03 1.442484e+00
1.388304e+03 1.439512e+00
1.391430e+03 1.436278e+00
1.394557e+03 1.432787e+00
1.397684e+03 1.429044e+00
1.400811e+03 1.425052e+00
1.403938e+03 1.420818e+00
1.407064e+03 1.416345e+00
1.410191e+03 1.411639e+00
1.413318e+03 1.406704e+00
1.416445e+03 1.401546e+00
1.419572e+03 1.396169e+00
1.422699e+03 1.390579e+00
1.425825e+03 1.384780e+00
1.428952e+03 1.378778e+00
1.432079e+03 1.372578e+00
1.435206e+03 1.366184e+00
1.438333e+03 1.359603e+00
1.441459e+03 1.352839e+00
1.444586e+03 1.345897e+00
1.447713e+03 1.338783e+00
1.450840e+03 1.331502e+00
1.453967e+03 1.324059e+00
1.457093e+03 1.316459e+00
1.460220e+03 1.308707e+00
1.463347e+03 1.300809e+00
1.466474e+03 1.292770e+00
1.469601e+03 1.284594e+00
1.472727e+03 1.276288e+00
1.475854e+03 1.267855e+00
1.478981e+03 1.259302e+00
1.482108e+03 1.250633e+00
1.485235e+03 1.241853e+00
1.488362e+03 1.232967e+00
1.491488e+03 1.223981e+00
1.494615e+03 1.214898e+00
1.497742e+03 1.205724e+00
1.500869e+03 1.196464e+00
1.503996e+03 1.187122e+00
1.507122e+03 1.177703e+00
1.510249e+03 1.168212e+00
1.513376e+03 1.158654e+00
1.516503e+03 1.149032e+00
1.519630e+03 1.139351e+00
1.522756e+03 1.129616e+00
1.525883e+03 1.119831e+00
1.529010e+03 1.110000e+00
1.532137e+03 1.100128e+00
1.535264e+03 1.090219e+00
1.538390e+03 1.080276e+00
1.541517e+03 1.070304e+00
1.544644e+03 1.060306e+00
1.547771e+03 1.050288e+00
1.550898e+03 1.040251e+00
1.554025e+03 1.030200e+00
1.557151e+03 1.020139e+00
1.560278e+03 1.010071e+00
1.563405e+03 1.000000e+00
